Timestamp,position,BLMTI.04R8.B2E10_TCTPV.4R8.B2
1459604824170,-7.15,7.240000000000001e-07
1459604824180,-7.15,0.0
1459604824190,-7.15,7.240000000000001e-07
1459604824200,-7.15,0.0
1459604824210,-7.15,7.240000000000001e-07
1459604824220,-7.15,0.0
1459604824230,-7.15,1.0859999999999999e-06
1459604824240,-7.15,0.0
1459604824250,-7.15,7.240000000000001e-07
1459604824260,-7.15,0.0
1459604824270,-7.15,3.6200000000000004e-07
1459604824280,-7.15,0.0
1459604824290,-7.15,7.240000000000001e-07
1459604824300,-7.15,0.0
1459604824310,-7.15,0.0
1459604824320,-7.15,0.0
1459604824330,-7.15,1.0859999999999999e-06
1459604824340,-7.15,0.0
1459604824350,-7.15,3.6200000000000004e-07
1459604824360,-7.15,0.0
1459604824370,-7.15,7.240000000000001e-07
1459604824380,-7.15,0.0
1459604824390,-7.15,0.0
1459604824400,-7.15,0.0
1459604824410,-7.15,7.240000000000001e-07
1459604824420,-7.15,0.0
1459604824430,-7.15,1.4480000000000002e-06
1459604824440,-7.15,0.0
1459604824450,-7.15,0.0
1459604824460,-7.15,0.0
1459604824470,-7.15,1.0859999999999999e-06
1459604824480,-7.15,0.0
1459604824490,-7.15,3.6200000000000004e-07
1459604824500,-7.15,0.0
1459604824510,-7.15,3.6200000000000004e-07
1459604824520,-7.15,0.0
1459604824530,-7.15,7.240000000000001e-07
1459604824540,-7.15,0.0
1459604824550,-7.15,7.240000000000001e-07
1459604824560,-7.15,0.0
1459604824570,-7.15,3.6200000000000004e-07
1459604824580,-7.15,0.0
1459604824590,-7.15,7.240000000000001e-07
1459604824600,-7.15,0.0
1459604824610,-7.15,7.240000000000001e-07
1459604824620,-7.15,0.0
1459604824630,-7.15,0.0
1459604824640,-7.15,0.0
1459604824650,-7.15,1.4480000000000002e-06
1459604824660,-7.15,0.0
1459604824670,-7.15,3.6200000000000004e-07
1459604824680,-7.15,0.0
1459604824690,-7.15,3.6200000000000004e-07
1459604824700,-7.15,0.0
1459604824710,-7.15,3.6200000000000004e-07
1459604824720,-7.15,0.0
1459604824730,-7.15,1.0859999999999999e-06
1459604824740,-7.15,0.0
1459604824750,-7.15,1.0859999999999999e-06
1459604824760,-7.15,0.0
1459604824770,-7.15,3.6200000000000004e-07
1459604824780,-7.15,0.0
1459604824790,-7.15,1.0859999999999999e-06
1459604824800,-7.15,0.0
1459604824810,-7.15,1.4480000000000002e-06
1459604824820,-7.15,0.0
1459604824830,-7.15,0.0
1459604824840,-7.15,0.0
1459604824850,-7.15,7.240000000000001e-07
1459604824860,-7.15,0.0
1459604824870,-7.15,0.0
1459604824880,-7.15,0.0
1459604824890,-7.15,1.4480000000000002e-06
1459604824900,-7.15,0.0
1459604824910,-7.15,7.240000000000001e-07
1459604824920,-7.15,0.0
1459604824930,-7.15,3.6200000000000004e-07
1459604824940,-7.15,0.0
1459604824950,-7.15,7.240000000000001e-07
1459604824960,-7.15,0.0
1459604824970,-7.15,3.6200000000000004e-07
1459604824980,-7.15,0.0
1459604824990,-7.15,1.0859999999999999e-06
1459604825000,-7.15,0.0
1459604825010,-7.15,7.240000000000001e-07
1459604825020,-7.15,0.0
1459604825030,-7.15,3.6200000000000004e-07
1459604825040,-7.15,0.0
1459604825050,-7.15,1.0859999999999999e-06
1459604825060,-7.15,0.0
1459604825070,-7.15,7.240000000000001e-07
1459604825080,-7.15,0.0
1459604825090,-7.15,3.6200000000000004e-07
1459604825100,-7.15,0.0
1459604825110,-7.15,0.0
1459604825120,-7.15,0.0
1459604825130,-7.15,7.240000000000001e-07
1459604825140,-7.15,0.0
1459604825150,-7.15,7.240000000000001e-07
1459604825160,-7.15,0.0
1459604825170,-7.15,3.6200000000000004e-07
1459604825180,-7.15,0.0
1459604825190,-7.15,0.0
1459604825200,-7.15,0.0
1459604825210,-7.15,1.4480000000000002e-06
1459604825220,-7.15,0.0
1459604825230,-7.15,7.240000000000001e-07
1459604825240,-7.15,0.0
1459604825250,-7.15,3.6200000000000004e-07
1459604825260,-7.15,0.0
1459604825270,-7.15,1.0859999999999999e-06
1459604825280,-7.15,0.0
1459604825290,-7.15,7.240000000000001e-07
1459604825300,-7.15,0.0
1459604825310,-7.15,3.6200000000000004e-07
1459604825320,-7.15,0.0
1459604825330,-7.15,7.240000000000001e-07
1459604825340,-7.15,0.0
1459604825350,-7.15,0.0
1459604825360,-7.15,0.0
1459604825370,-7.15,1.0859999999999999e-06
1459604825380,-7.15,0.0
1459604825390,-7.15,1.4480000000000002e-06
1459604825400,-7.15,0.0
1459604825410,-7.15,3.6200000000000004e-07
1459604825420,-7.15,0.0
1459604825430,-7.15,3.6200000000000004e-07
1459604825440,-7.15,0.0
1459604825450,-7.15,1.0859999999999999e-06
1459604825460,-7.15,0.0
1459604825470,-7.15,3.6200000000000004e-07
1459604825480,-7.15,0.0
1459604825490,-7.15,1.0859999999999999e-06
1459604825500,-7.15,0.0
1459604825510,-7.15,7.240000000000001e-07
1459604825520,-7.15,0.0
1459604825530,-7.15,3.6200000000000004e-07
1459604825540,-7.15,0.0
1459604825550,-7.15,7.240000000000001e-07
1459604825560,-7.15,0.0
1459604825570,-7.15,3.6200000000000004e-07
1459604825580,-7.15,0.0
1459604825590,-7.15,1.0859999999999999e-06
1459604825600,-7.15,0.0
1459604825610,-7.15,7.240000000000001e-07
1459604825620,-7.15,0.0
1459604825630,-7.15,7.240000000000001e-07
1459604825640,-7.15,0.0
1459604825650,-7.15,7.240000000000001e-07
1459604825660,-7.15,0.0
1459604825670,-7.15,7.240000000000001e-07
1459604825680,-7.15,0.0
1459604825690,-7.15,3.6200000000000004e-07
1459604825700,-7.15,0.0
1459604825710,-7.15,7.240000000000001e-07
1459604825720,-7.15,0.0
1459604825730,-7.15,3.6200000000000004e-07
1459604825740,-7.15,0.0
1459604825750,-7.15,7.240000000000001e-07
1459604825760,-7.15,0.0
1459604825770,-7.15,0.0
1459604825780,-7.15,0.0
1459604825790,-7.15,0.0
1459604825800,-7.15,0.0
1459604825810,-7.15,1.81e-06
1459604825820,-7.15,0.0
1459604825830,-7.15,0.0
1459604825840,-7.15,0.0
1459604825850,-7.15,1.0859999999999999e-06
1459604825860,-7.15,0.0
1459604825870,-7.15,7.240000000000001e-07
1459604825880,-7.15,0.0
1459604825890,-7.15,0.0
1459604825900,-7.15,0.0
1459604825910,-7.15,7.240000000000001e-07
1459604825920,-7.15,0.0
1459604825930,-7.15,7.240000000000001e-07
1459604825940,-7.15,0.0
1459604825950,-7.15,1.0859999999999999e-06
1459604825960,-7.15,0.0
1459604825970,-7.15,3.6200000000000004e-07
1459604825980,-7.15,0.0
1459604825990,-7.15,0.0
1459604826000,-7.15,0.0
1459604826010,-7.15,7.240000000000001e-07
1459604826020,-7.15,0.0
1459604826030,-7.15,0.0
1459604826040,-7.15,0.0
1459604826050,-7.15,1.4480000000000002e-06
1459604826060,-7.15,0.0
1459604826070,-7.15,3.6200000000000004e-07
1459604826080,-7.15,0.0
1459604826090,-7.15,7.240000000000001e-07
1459604826100,-7.15,0.0
1459604826110,-7.15,1.0859999999999999e-06
1459604826120,-7.15,0.0
1459604826130,-7.15,7.240000000000001e-07
1459604826140,-7.15,0.0
1459604826150,-7.15,0.0
1459604826160,-7.15,0.0
1459604826170,-7.15,3.6200000000000004e-07
1459604826180,-7.15,0.0
1459604826190,-7.15,3.6200000000000004e-07
1459604826200,-7.15,0.0
1459604826210,-7.15,1.4480000000000002e-06
1459604826220,-7.15,0.0
1459604826230,-7.15,7.240000000000001e-07
1459604826240,-7.15,0.0
1459604826250,-7.15,0.0
1459604826260,-7.15,0.0
1459604826270,-7.15,1.0859999999999999e-06
1459604826280,-7.15,0.0
1459604826290,-7.15,3.6200000000000004e-07
1459604826300,-7.15,0.0
1459604826310,-7.15,0.0
1459604826320,-7.15,0.0
1459604826330,-7.15,1.0859999999999999e-06
1459604826340,-7.15,0.0
1459604826350,-7.15,0.0
1459604826360,-7.15,0.0
1459604826370,-7.15,3.6200000000000004e-07
1459604826380,-7.15,0.0
1459604826390,-7.15,1.0859999999999999e-06
1459604826400,-7.15,0.0
1459604826410,-7.15,0.0
1459604826420,-7.15,0.0
1459604826430,-7.15,1.81e-06
1459604826440,-7.15,0.0
1459604826450,-7.15,3.6200000000000004e-07
1459604826460,-7.15,0.0
1459604826470,-7.15,1.0859999999999999e-06
1459604826480,-7.15,0.0
1459604826490,-7.15,3.6200000000000004e-07
1459604826500,-7.15,0.0
1459604826510,-7.15,3.6200000000000004e-07
1459604826520,-7.15,0.0
1459604826530,-7.15,1.4480000000000002e-06
1459604826540,-7.15,0.0
1459604826550,-7.15,3.6200000000000004e-07
1459604826560,-7.15,0.0
1459604826570,-7.15,7.240000000000001e-07
1459604826580,-7.15,0.0
1459604826590,-7.15,3.6200000000000004e-07
1459604826600,-7.15,0.0
1459604826610,-7.15,4.343999999999999e-06
1459604826620,-7.15,0.0
1459604826630,-7.15,1.4480000000000002e-06
1459604826640,-7.15,0.0
1459604826650,-7.15,0.0
1459604826660,-7.15,0.0
1459604826670,-7.15,1.0859999999999999e-06
1459604826680,-7.15,0.0
1459604826690,-7.15,3.6200000000000004e-07
1459604826700,-7.15,0.0
1459604826710,-7.15,7.240000000000001e-07
1459604826720,-7.15,0.0
1459604826730,-7.15,7.240000000000001e-07
1459604826740,-7.15,0.0
1459604826750,-7.15,0.0
1459604826760,-7.15,0.0
1459604826770,-7.15,7.240000000000001e-07
1459604826780,-7.15,0.0
1459604826790,-7.15,7.240000000000001e-07
1459604826800,-7.15,0.0
1459604826810,-7.15,7.240000000000001e-07
1459604826820,-7.15,0.0
1459604826830,-7.15,7.240000000000001e-07
1459604826840,-7.15,0.0
1459604826850,-7.15,1.4480000000000002e-06
1459604826860,-7.15,0.0
1459604826870,-7.15,2.1719999999999997e-06
1459604826880,-7.15,0.0
1459604826890,-7.15,0.0
1459604826900,-7.15,0.0
1459604826910,-7.15,0.0
1459604826920,-7.15,0.0
1459604826930,-7.15,1.0859999999999999e-06
1459604826940,-7.15,0.0
1459604826950,-7.15,7.240000000000001e-07
1459604826960,-7.15,0.0
1459604826970,-7.15,1.0859999999999999e-06
1459604826980,-7.15,0.0
1459604826990,-7.15,7.240000000000001e-07
1459604827000,-7.15,0.0
1459604827010,-7.15,7.240000000000001e-07
1459604827020,-7.15,0.0
1459604827030,-7.15,0.0
1459604827040,-7.15,0.0
1459604827050,-7.15,7.240000000000001e-07
1459604827060,-7.15,0.0
1459604827070,-7.15,7.240000000000001e-07
1459604827080,-7.15,0.0
1459604827090,-7.15,7.240000000000001e-07
1459604827100,-7.15,0.0
1459604827110,-7.15,3.6200000000000004e-07
1459604827120,-7.15,0.0
1459604827130,-7.15,7.240000000000001e-07
1459604827140,-7.15,0.0
1459604827150,-7.15,3.6200000000000004e-07
1459604827160,-7.15,0.0
1459604827170,-7.15,3.6200000000000004e-07
1459604827180,-7.15,0.0
1459604827190,-7.15,3.6200000000000004e-07
1459604827200,-7.15,0.0
1459604827210,-7.15,1.4480000000000002e-06
1459604827220,-7.15,0.0
1459604827230,-7.15,7.240000000000001e-07
1459604827240,-7.15,0.0
1459604827250,-7.15,0.0
1459604827260,-7.15,0.0
1459604827270,-7.15,1.0859999999999999e-06
1459604827280,-7.15,0.0
1459604827290,-7.15,1.0859999999999999e-06
1459604827300,-7.15,0.0
1459604827310,-7.15,3.6200000000000004e-07
1459604827320,-7.15,0.0
1459604827330,-7.15,3.6200000000000004e-07
1459604827340,-7.15,0.0
1459604827350,-7.15,0.0
1459604827360,-7.15,0.0
1459604827370,-7.15,3.6200000000000004e-07
1459604827380,-7.15,0.0
1459604827390,-7.15,1.0859999999999999e-06
1459604827400,-7.15,0.0
1459604827410,-7.15,0.0
1459604827420,-7.15,0.0
1459604827430,-7.15,1.0859999999999999e-06
1459604827440,-7.15,0.0
1459604827450,-7.15,7.240000000000001e-07
1459604827460,-7.15,0.0
1459604827470,-7.15,1.0859999999999999e-06
1459604827480,-7.15,0.0
1459604827490,-7.15,0.0
1459604827500,-7.15,0.0
1459604827510,-7.15,1.0859999999999999e-06
1459604827520,-7.15,0.0
1459604827530,-7.15,3.6200000000000004e-07
1459604827540,-7.15,0.0
1459604827550,-7.15,1.0859999999999999e-06
1459604827560,-7.15,0.0
1459604827570,-7.15,1.4480000000000002e-06
1459604827580,-7.15,0.0
1459604827590,-7.15,3.6200000000000004e-07
1459604827600,-7.15,0.0
1459604827610,-7.15,3.6200000000000004e-07
1459604827620,-7.15,0.0
1459604827630,-7.15,3.6200000000000004e-07
1459604827640,-7.15,0.0
1459604827650,-7.15,2.5340000000000002e-06
1459604827660,-7.15,0.0
1459604827670,-7.15,0.0
1459604827680,-7.15,0.0
1459604827690,-7.15,7.240000000000001e-07
1459604827700,-7.15,0.0
1459604827710,-7.15,0.0
1459604827720,-7.15,0.0
1459604827730,-7.15,3.6200000000000004e-07
1459604827740,-7.15,0.0
1459604827750,-7.15,1.0859999999999999e-06
1459604827760,-7.15,0.0
1459604827770,-7.15,7.240000000000001e-07
1459604827780,-7.15,0.0
1459604827790,-7.15,7.240000000000001e-07
1459604827800,-7.15,0.0
1459604827810,-7.15,0.0
1459604827820,-7.15,0.0
1459604827830,-7.15,0.0
1459604827840,-7.15,0.0
1459604827850,-7.15,1.0859999999999999e-06
1459604827860,-7.15,0.0
1459604827870,-7.15,3.6200000000000004e-07
1459604827880,-7.15,0.0
1459604827890,-7.15,3.6200000000000004e-07
1459604827900,-7.15,0.0
1459604827910,-7.15,1.0859999999999999e-06
1459604827920,-7.15,0.0
1459604827930,-7.15,1.4480000000000002e-06
1459604827940,-7.15,0.0
1459604827950,-7.15,0.0
1459604827960,-7.15,0.0
1459604827970,-7.15,0.0
1459604827980,-7.15,0.0
1459604827990,-7.15,7.240000000000001e-07
1459604828000,-7.15,0.0
1459604828010,-7.15,1.81e-06
1459604828020,-7.15,0.0
1459604828030,-7.15,0.0
1459604828040,-7.15,0.0
1459604828050,-7.15,3.6200000000000004e-07
1459604828060,-7.15,0.0
1459604828070,-7.15,0.0
1459604828080,-7.15,0.0
1459604828090,-7.15,1.4480000000000002e-06
1459604828100,-7.15,0.0
1459604828110,-7.15,7.240000000000001e-07
1459604828120,-7.15,0.0
1459604828130,-7.15,0.0
1459604828140,-7.15,0.0
1459604828150,-7.15,1.0859999999999999e-06
1459604828160,-7.15,0.0
1459604828170,-7.15,7.240000000000001e-07
1459604828180,-7.15,0.0
1459604828190,-7.15,0.0
1459604828200,-7.15,0.0
1459604828210,-7.15,7.240000000000001e-07
1459604828220,-7.15,0.0
1459604828230,-7.15,7.240000000000001e-07
1459604828240,-7.15,0.0
1459604828250,-7.15,0.0
1459604828260,-7.15,0.0
1459604828270,-7.15,1.0859999999999999e-06
1459604828280,-7.15,0.0
1459604828290,-7.15,1.0859999999999999e-06
1459604828300,-7.15,0.0
1459604828310,-7.15,3.6200000000000004e-07
1459604828320,-7.15,0.0
1459604828330,-7.15,7.240000000000001e-07
1459604828340,-7.15,0.0
1459604828350,-7.15,3.6200000000000004e-07
1459604828360,-7.15,0.0
1459604828370,-7.15,1.0859999999999999e-06
1459604828380,-7.15,0.0
1459604828390,-7.15,0.0
1459604828400,-7.15,0.0
1459604828410,-7.15,1.0859999999999999e-06
1459604828420,-7.15,0.0
1459604828430,-7.15,0.0
1459604828440,-7.15,0.0
1459604828450,-7.15,7.240000000000001e-07
1459604828460,-7.15,0.0
1459604828470,-7.15,7.240000000000001e-07
1459604828480,-7.15,0.0
1459604828490,-7.15,7.240000000000001e-07
1459604828500,-7.15,0.0
1459604828510,-7.15,7.240000000000001e-07
1459604828520,-7.15,0.0
1459604828530,-7.15,3.6200000000000004e-07
1459604828540,-7.15,0.0
1459604828550,-7.15,3.6200000000000004e-07
1459604828560,-7.15,0.0
1459604828570,-7.15,7.240000000000001e-07
1459604828580,-7.15,0.0
1459604828590,-7.15,3.6200000000000004e-07
1459604828600,-7.15,0.0
1459604828610,-7.15,0.0
1459604828620,-7.15,0.0
1459604828630,-7.15,1.0859999999999999e-06
1459604828640,-7.15,0.0
1459604828650,-7.15,3.6200000000000004e-07
1459604828660,-7.15,0.0
1459604828670,-7.15,3.6200000000000004e-07
1459604828680,-7.15,0.0
1459604828690,-7.15,1.4480000000000002e-06
1459604828700,-7.15,0.0
1459604828710,-7.15,7.240000000000001e-07
1459604828720,-7.15,0.0
1459604828730,-7.15,0.0
1459604828740,-7.15,0.0
1459604828750,-7.15,0.0
1459604828760,-7.15,0.0
1459604828770,-7.15,3.6200000000000004e-07
1459604828780,-7.15,0.0
1459604828790,-7.15,1.4480000000000002e-06
1459604828800,-7.15,0.0
1459604828810,-7.15,7.240000000000001e-07
1459604828820,-7.15,0.0
1459604828830,-7.15,1.0859999999999999e-06
1459604828840,-7.15,0.0
1459604828850,-7.15,3.6200000000000004e-07
1459604828860,-7.15,0.0
1459604828870,-7.15,0.0
1459604828880,-7.15,0.0
1459604828890,-7.15,1.4480000000000002e-06
1459604828900,-7.15,0.0
1459604828910,-7.15,3.6200000000000004e-07
1459604828920,-7.15,0.0
1459604828930,-7.15,3.6200000000000004e-07
1459604828940,-7.15,0.0
1459604828950,-7.15,3.6200000000000004e-07
1459604828960,-7.15,0.0
1459604828970,-7.15,3.6200000000000004e-07
1459604828980,-7.15,0.0
1459604828990,-7.15,1.0859999999999999e-06
1459604829000,-7.15,0.0
1459604829010,-7.15,0.0
1459604829020,-7.15,0.0
1459604829030,-7.15,3.6200000000000004e-07
1459604829040,-7.15,0.0
1459604829050,-7.15,1.0859999999999999e-06
1459604829060,-7.15,0.0
1459604829070,-7.15,7.240000000000001e-07
1459604829080,-7.15,0.0
1459604829090,-7.15,3.6200000000000004e-07
1459604829100,-7.15,0.0
1459604829110,-7.15,3.6200000000000004e-07
1459604829120,-7.15,0.0
1459604829130,-7.15,7.240000000000001e-07
1459604829140,-7.15,0.0
1459604829150,-7.15,1.0859999999999999e-06
1459604829160,-7.15,0.0
1459604829170,-7.15,7.240000000000001e-07
1459604829180,-7.15,0.0
1459604829190,-7.15,3.6200000000000004e-07
1459604829200,-7.15,0.0
1459604829210,-7.15,7.240000000000001e-07
1459604829220,-7.15,0.0
1459604829230,-7.15,7.240000000000001e-07
1459604829240,-7.15,0.0
1459604829250,-7.15,3.6200000000000004e-07
1459604829260,-7.15,0.0
1459604829270,-7.15,1.4480000000000002e-06
1459604829280,-7.15,0.0
1459604829290,-7.15,0.0
1459604829300,-7.15,0.0
1459604829310,-7.15,3.6200000000000004e-07
1459604829320,-7.15,0.0
1459604829330,-7.15,0.0
1459604829340,-7.15,0.0
1459604829350,-7.15,1.4480000000000002e-06
1459604829360,-7.15,0.0
1459604829370,-7.15,3.6200000000000004e-07
1459604829380,-7.15,0.0
1459604829390,-7.15,1.0859999999999999e-06
1459604829400,-7.15,0.0
1459604829410,-7.15,7.240000000000001e-07
1459604829420,-7.15,0.0
1459604829430,-7.15,1.0859999999999999e-06
1459604829440,-7.15,0.0
1459604829450,-7.15,3.6200000000000004e-07
1459604829460,-7.15,0.0
1459604829470,-7.15,7.240000000000001e-07
1459604829480,-7.15,0.0
1459604829490,-7.15,1.0859999999999999e-06
1459604829500,-7.15,0.0
1459604829510,-7.15,3.6200000000000004e-07
1459604829520,-7.15,0.0
1459604829530,-7.15,1.0859999999999999e-06
1459604829540,-7.15,0.0
1459604829550,-7.15,0.0
1459604829560,-7.15,0.0
1459604829570,-7.15,7.240000000000001e-07
1459604829580,-7.15,0.0
1459604829590,-7.15,3.6200000000000004e-07
1459604829600,-7.15,0.0
1459604829610,-7.15,3.6200000000000004e-07
1459604829620,-7.15,0.0
1459604829630,-7.15,1.0859999999999999e-06
1459604829640,-7.15,0.0
1459604829650,-7.15,3.6200000000000004e-07
1459604829660,-7.15,0.0
1459604829670,-7.15,3.6200000000000004e-07
1459604829680,-7.15,0.0
1459604829690,-7.15,7.240000000000001e-07
1459604829700,-7.15,0.0
1459604829710,-7.15,1.0859999999999999e-06
1459604829720,-7.15,0.0
1459604829730,-7.15,3.6200000000000004e-07
1459604829740,-7.15,0.0
1459604829750,-7.15,7.240000000000001e-07
1459604829760,-7.15,0.0
1459604829770,-7.15,1.0859999999999999e-06
1459604829780,-7.15,0.0
1459604829790,-7.15,0.0
1459604829800,-7.15,0.0
1459604829810,-7.15,1.0859999999999999e-06
1459604829820,-7.15,0.0
1459604829830,-7.15,0.0
1459604829840,-7.15,0.0
1459604829850,-7.15,3.6200000000000004e-07
1459604829860,-7.15,0.0
1459604829870,-7.15,1.81e-06
1459604829880,-7.15,0.0
1459604829890,-7.15,0.0
1459604829900,-7.15,0.0
1459604829910,-7.15,3.6200000000000004e-07
1459604829920,-7.15,0.0
1459604829930,-7.15,7.240000000000001e-07
1459604829940,-7.15,0.0
1459604829950,-7.15,0.0
1459604829960,-7.15,0.0
1459604829970,-7.15,2.1719999999999997e-06
1459604829980,-7.15,0.0
1459604829990,-7.15,3.6200000000000004e-07
1459604830000,-7.15,0.0
1459604830010,-7.15,3.6200000000000004e-07
1459604830020,-7.15,0.0
1459604830030,-7.15,7.240000000000001e-07
1459604830040,-7.15,0.0
1459604830050,-7.15,3.6200000000000004e-07
1459604830060,-7.15,0.0
1459604830070,-7.15,3.6200000000000004e-07
1459604830080,-7.15,0.0
1459604830090,-7.15,7.240000000000001e-07
1459604830100,-7.15,0.0
1459604830110,-7.15,1.0859999999999999e-06
1459604830120,-7.15,0.0
1459604830130,-7.15,7.240000000000001e-07
1459604830140,-7.15,0.0
1459604830150,-7.15,0.0
1459604830160,-7.15,0.0
1459604830170,-7.15,1.4480000000000002e-06
1459604830180,-7.15,0.0
1459604830190,-7.15,1.0859999999999999e-06
1459604830200,-7.15,0.0
1459604830210,-7.15,0.0
1459604830220,-7.15,0.0
1459604830230,-7.15,3.6200000000000004e-07
1459604830240,-7.15,0.0
1459604830250,-7.15,1.0859999999999999e-06
1459604830260,-7.15,0.0
1459604830270,-7.15,3.6200000000000004e-07
1459604830280,-7.15,0.0
1459604830290,-7.15,0.0
1459604830300,-7.15,0.0
1459604830310,-7.15,3.6200000000000004e-07
1459604830320,-7.15,0.0
1459604830330,-7.15,1.0859999999999999e-06
1459604830340,-7.15,0.0
1459604830350,-7.15,3.6200000000000004e-07
1459604830360,-7.15,0.0
1459604830370,-7.15,3.6200000000000004e-07
1459604830380,-7.15,0.0
1459604830390,-7.15,2.1719999999999997e-06
1459604830400,-7.15,0.0
1459604830410,-7.15,0.0
1459604830420,-7.15,0.0
1459604830430,-7.15,7.240000000000001e-07
1459604830440,-7.15,0.0
1459604830450,-7.15,1.4480000000000002e-06
1459604830460,-7.15,0.0
1459604830470,-7.15,3.6200000000000004e-07
1459604830480,-7.15,0.0
1459604830490,-7.15,3.6200000000000004e-07
1459604830500,-7.15,0.0
1459604830510,-7.15,1.0859999999999999e-06
1459604830520,-7.15,0.0
1459604830530,-7.15,0.0
1459604830540,-7.15,0.0
1459604830550,-7.15,3.6200000000000004e-07
1459604830560,-7.15,0.0
1459604830570,-7.15,1.0859999999999999e-06
1459604830580,-7.15,0.0
1459604830590,-7.15,3.6200000000000004e-07
1459604830600,-7.15,0.0
1459604830610,-7.15,7.240000000000001e-07
1459604830620,-7.15,0.0
1459604830630,-7.15,0.0
1459604830640,-7.15,0.0
1459604830650,-7.15,1.81e-06
1459604830660,-7.15,0.0
1459604830670,-7.15,7.240000000000001e-07
1459604830680,-7.15,0.0
1459604830690,-7.15,3.6200000000000004e-07
1459604830700,-7.15,0.0
1459604830710,-7.15,7.240000000000001e-07
1459604830720,-7.15,0.0
1459604830730,-7.15,7.240000000000001e-07
1459604830740,-7.15,0.0
1459604830750,-7.15,3.6200000000000004e-07
1459604830760,-7.15,0.0
1459604830770,-7.15,1.0859999999999999e-06
1459604830780,-7.15,0.0
1459604830790,-7.15,7.240000000000001e-07
1459604830800,-7.15,0.0
1459604830810,-7.15,7.240000000000001e-07
1459604830820,-7.15,0.0
1459604830830,-7.15,1.0859999999999999e-06
1459604830840,-7.15,0.0
1459604830850,-7.15,3.6200000000000004e-07
1459604830860,-7.15,0.0
1459604830870,-7.15,0.0
1459604830880,-7.15,0.0
1459604830890,-7.15,1.0859999999999999e-06
1459604830900,-7.15,0.0
1459604830910,-7.15,1.4480000000000002e-06
1459604830920,-7.15,0.0
1459604830930,-7.15,0.0
1459604830940,-7.15,0.0
1459604830950,-7.15,3.6200000000000004e-07
1459604830960,-7.15,0.0
1459604830970,-7.15,0.0
1459604830980,-7.15,0.0
1459604830990,-7.15,1.0859999999999999e-06
1459604831000,-7.15,0.0
1459604831010,-7.15,1.0859999999999999e-06
1459604831020,-7.15,0.0
1459604831030,-7.15,3.6200000000000004e-07
1459604831040,-7.15,0.0
1459604831050,-7.15,0.0
1459604831060,-7.15,0.0
1459604831070,-7.15,1.0859999999999999e-06
1459604831080,-7.15,0.0
1459604831090,-7.15,7.240000000000001e-07
1459604831100,-7.15,0.0
1459604831110,-7.15,1.4480000000000002e-06
1459604831120,-7.15,0.0
1459604831130,-7.15,3.6200000000000004e-07
1459604831140,-7.15,0.0
1459604831150,-7.15,0.0
1459604831160,-7.15,0.0
1459604831170,-7.15,1.0859999999999999e-06
1459604831180,-7.15,0.0
1459604831190,-7.15,7.240000000000001e-07
1459604831200,-7.15,0.0
1459604831210,-7.15,1.0859999999999999e-06
1459604831220,-7.15,0.0
1459604831230,-7.15,3.6200000000000004e-07
1459604831240,-7.15,0.0
1459604831250,-7.15,7.240000000000001e-07
1459604831260,-7.15,0.0
1459604831270,-7.15,7.240000000000001e-07
1459604831280,-7.15,0.0
1459604831290,-7.15,3.6200000000000004e-07
1459604831300,-7.15,0.0
1459604831310,-7.15,0.0
1459604831320,-7.15,0.0
1459604831330,-7.15,2.1719999999999997e-06
1459604831340,-7.15,0.0
1459604831350,-7.15,0.0
1459604831360,-7.15,0.0
1459604831370,-7.15,3.6200000000000004e-07
1459604831380,-7.15,0.0
1459604831390,-7.15,3.6200000000000004e-07
1459604831400,-7.15,0.0
1459604831410,-7.15,7.240000000000001e-07
1459604831420,-7.15,0.0
1459604831430,-7.15,7.240000000000001e-07
1459604831440,-7.15,0.0
1459604831450,-7.15,0.0
1459604831460,-7.15,0.0
1459604831470,-7.15,3.6200000000000004e-07
1459604831480,-7.15,0.0
1459604831490,-7.15,1.0859999999999999e-06
1459604831500,-7.15,0.0
1459604831510,-7.15,7.240000000000001e-07
1459604831520,-7.15,0.0
1459604831530,-7.15,3.6200000000000004e-07
1459604831540,-7.15,0.0
1459604831550,-7.15,3.6200000000000004e-07
1459604831560,-7.15,0.0
1459604831570,-7.15,1.0859999999999999e-06
1459604831580,-7.15,0.0
1459604831590,-7.15,7.240000000000001e-07
1459604831600,-7.15,0.0
1459604831610,-7.15,1.0859999999999999e-06
1459604831620,-7.15,0.0
1459604831630,-7.15,0.0
1459604831640,-7.15,0.0
1459604831650,-7.15,7.240000000000001e-07
1459604831660,-7.15,0.0
1459604831670,-7.15,0.0
1459604831680,-7.15,0.0
1459604831690,-7.15,1.0859999999999999e-06
1459604831700,-7.15,0.0
1459604831710,-7.15,3.6200000000000004e-07
1459604831720,-7.15,0.0
1459604831730,-7.15,1.0859999999999999e-06
1459604831740,-7.15,0.0
1459604831750,-7.15,0.0
1459604831760,-7.15,0.0
1459604831770,-7.15,3.6200000000000004e-07
1459604831780,-7.15,0.0
1459604831790,-7.15,7.240000000000001e-07
1459604831800,-7.15,0.0
1459604831810,-7.15,3.6200000000000004e-07
1459604831820,-7.15,0.0
1459604831830,-7.15,3.6200000000000004e-07
1459604831840,-7.15,0.0
1459604831850,-7.15,3.6200000000000004e-07
1459604831860,-7.15,0.0
1459604831870,-7.15,0.0
1459604831880,-7.15,0.0
1459604831890,-7.15,1.0859999999999999e-06
1459604831900,-7.15,0.0
1459604831910,-7.15,7.240000000000001e-07
1459604831920,-7.15,0.0
1459604831930,-7.15,7.240000000000001e-07
1459604831940,-7.15,0.0
1459604831950,-7.15,0.0
1459604831960,-7.15,0.0
1459604831970,-7.15,7.240000000000001e-07
1459604831980,-7.15,0.0
1459604831990,-7.15,1.0859999999999999e-06
1459604832000,-7.15,0.0
1459604832010,-7.15,3.6200000000000004e-07
1459604832020,-7.15,0.0
1459604832030,-7.15,7.240000000000001e-07
1459604832040,-7.15,0.0
1459604832050,-7.15,3.6200000000000004e-07
1459604832060,-7.15,0.0
1459604832070,-7.15,7.240000000000001e-07
1459604832080,-7.15,0.0
1459604832090,-7.15,7.240000000000001e-07
1459604832100,-7.15,0.0
1459604832110,-7.15,0.0
1459604832120,-7.15,0.0
1459604832130,-7.15,1.0859999999999999e-06
1459604832140,-7.15,0.0
1459604832150,-7.15,1.0859999999999999e-06
1459604832160,-7.15,0.0
1459604832170,-7.15,3.6200000000000004e-07
1459604832180,-7.15,0.0
1459604832190,-7.15,3.6200000000000004e-07
1459604832200,-7.15,0.0
1459604832210,-7.15,1.0859999999999999e-06
1459604832220,-7.15,0.0
1459604832230,-7.15,3.6200000000000004e-07
1459604832240,-7.15,0.0
1459604832250,-7.15,3.6200000000000004e-07
1459604832260,-7.15,0.0
1459604832270,-7.15,3.6200000000000004e-07
1459604832280,-7.15,0.0
1459604832290,-7.15,3.6200000000000004e-07
1459604832300,-7.15,0.0
1459604832310,-7.15,1.81e-06
1459604832320,-7.15,0.0
1459604832330,-7.15,3.6200000000000004e-07
1459604832340,-7.15,0.0
1459604832350,-7.15,3.6200000000000004e-07
1459604832360,-7.15,0.0
1459604832370,-7.15,7.240000000000001e-07
1459604832380,-7.15,0.0
1459604832390,-7.15,0.0
1459604832400,-7.15,0.0
1459604832410,-7.15,7.240000000000001e-07
1459604832420,-7.15,0.0
1459604832430,-7.15,3.6200000000000004e-07
1459604832440,-7.15,0.0
1459604832450,-7.15,7.240000000000001e-07
1459604832460,-7.15,0.0
1459604832470,-7.15,0.0
1459604832480,-7.15,0.0
1459604832490,-7.15,1.0859999999999999e-06
1459604832500,-7.15,0.0
1459604832510,-7.15,3.6200000000000004e-07
1459604832520,-7.15,0.0
1459604832530,-7.15,1.0859999999999999e-06
1459604832540,-7.15,0.0
1459604832550,-7.15,7.240000000000001e-07
1459604832560,-7.15,0.0
1459604832570,-7.15,3.6200000000000004e-07
1459604832580,-7.15,0.0
1459604832590,-7.15,1.0859999999999999e-06
1459604832600,-7.15,0.0
1459604832610,-7.15,0.0
1459604832620,-7.15,0.0
1459604832630,-7.15,1.0859999999999999e-06
1459604832640,-7.15,0.0
1459604832650,-7.15,1.0859999999999999e-06
1459604832660,-7.15,0.0
1459604832670,-7.15,3.6200000000000004e-07
1459604832680,-7.15,0.0
1459604832690,-7.15,3.6200000000000004e-07
1459604832700,-7.15,0.0
1459604832710,-7.15,0.0
1459604832720,-7.15,0.0
1459604832730,-7.15,3.6200000000000004e-07
1459604832740,-7.15,0.0
1459604832750,-7.15,1.0859999999999999e-06
1459604832760,-7.15,0.0
1459604832770,-7.15,1.4480000000000002e-06
1459604832780,-7.15,0.0
1459604832790,-7.15,3.6200000000000004e-07
1459604832800,-7.15,0.0
1459604832810,-7.15,7.240000000000001e-07
1459604832820,-7.15,0.0
1459604832830,-7.15,3.6200000000000004e-07
1459604832840,-7.15,0.0
1459604832850,-7.15,7.240000000000001e-07
1459604832860,-7.15,0.0
1459604832870,-7.15,7.240000000000001e-07
1459604832880,-7.15,0.0
1459604832890,-7.15,7.240000000000001e-07
1459604832900,-7.15,0.0
1459604832910,-7.15,7.240000000000001e-07
1459604832920,-7.15,0.0
1459604832930,-7.15,7.240000000000001e-07
1459604832940,-7.15,0.0
1459604832950,-7.15,1.0859999999999999e-06
1459604832960,-7.15,0.0
1459604832970,-7.15,3.6200000000000004e-07
1459604832980,-7.15,0.0
1459604832990,-7.15,3.6200000000000004e-07
1459604833000,-7.15,0.0
1459604833010,-7.15,3.6200000000000004e-07
1459604833020,-7.15,0.0
1459604833030,-7.15,7.240000000000001e-07
1459604833040,-7.15,0.0
1459604833050,-7.15,7.240000000000001e-07
1459604833060,-7.15,0.0
1459604833070,-7.15,7.240000000000001e-07
1459604833080,-7.15,0.0
1459604833090,-7.15,7.240000000000001e-07
1459604833100,-7.15,0.0
1459604833110,-7.15,0.0
1459604833120,-7.15,0.0
1459604833130,-7.15,7.240000000000001e-07
1459604833140,-7.15,0.0
1459604833150,-7.15,7.240000000000001e-07
1459604833160,-7.15,0.0
1459604833170,-7.15,3.6200000000000004e-07
1459604833180,-7.15,0.0
1459604833190,-7.15,0.0
1459604833200,-7.15,0.0
1459604833210,-7.15,3.6200000000000004e-07
1459604833220,-7.15,0.0
1459604833230,-7.15,3.6200000000000004e-07
1459604833240,-7.15,0.0
1459604833250,-7.15,7.240000000000001e-07
1459604833260,-7.15,0.0
1459604833270,-7.15,7.240000000000001e-07
1459604833280,-7.15,0.0
1459604833290,-7.15,3.6200000000000004e-07
1459604833300,-7.15,0.0
1459604833310,-7.15,0.0
1459604833320,-7.15,0.0
1459604833330,-7.15,7.240000000000001e-07
1459604833340,-7.15,0.0
1459604833350,-7.15,7.240000000000001e-07
1459604833360,-7.15,0.0
1459604833370,-7.15,3.6200000000000004e-07
1459604833380,-7.15,0.0
1459604833390,-7.15,3.6200000000000004e-07
1459604833400,-7.15,0.0
1459604833410,-7.15,0.0
1459604833420,-7.15,0.0
1459604833430,-7.15,3.6200000000000004e-07
1459604833440,-7.15,0.0
1459604833450,-7.15,1.0859999999999999e-06
1459604833460,-7.15,0.0
1459604833470,-7.15,3.6200000000000004e-07
1459604833480,-7.15,0.0
1459604833490,-7.15,7.240000000000001e-07
1459604833500,-7.15,0.0
1459604833510,-7.15,3.6200000000000004e-07
1459604833520,-7.15,0.0
1459604833530,-7.15,3.6200000000000004e-07
1459604833540,-7.15,0.0
1459604833550,-7.15,1.0859999999999999e-06
1459604833560,-7.15,0.0
1459604833570,-7.15,3.6200000000000004e-07
1459604833580,-7.15,0.0
1459604833590,-7.15,1.0859999999999999e-06
1459604833600,-7.15,0.0
1459604833610,-7.15,0.0
1459604833620,-7.15,0.0
1459604833630,-7.15,7.240000000000001e-07
1459604833640,-7.15,0.0
1459604833650,-7.15,1.0859999999999999e-06
1459604833660,-7.15,0.0
1459604833670,-7.15,3.6200000000000004e-07
1459604833680,-7.15,0.0
1459604833690,-7.15,3.6200000000000004e-07
1459604833700,-7.15,0.0
1459604833710,-7.15,3.6200000000000004e-07
1459604833720,-7.15,0.0
1459604833730,-7.15,1.0859999999999999e-06
1459604833740,-7.15,0.0
1459604833750,-7.15,7.240000000000001e-07
1459604833760,-7.15,0.0
1459604833770,-7.15,1.0859999999999999e-06
1459604833780,-7.15,0.0
1459604833790,-7.15,0.0
1459604833800,-7.15,0.0
1459604833810,-7.15,3.6200000000000004e-07
1459604833820,-7.15,0.0
1459604833830,-7.15,3.6200000000000004e-07
1459604833840,-7.15,0.0
1459604833850,-7.15,0.0
1459604833860,-7.15,0.0
1459604833870,-7.15,1.4480000000000002e-06
1459604833880,-7.15,0.0
1459604833890,-7.15,1.0859999999999999e-06
1459604833900,-7.15,0.0
1459604833910,-7.15,3.6200000000000004e-07
1459604833920,-7.15,0.0
1459604833930,-7.15,0.0
1459604833940,-7.15,0.0
1459604833950,-7.15,1.0859999999999999e-06
1459604833960,-7.15,0.0
1459604833970,-7.15,1.0859999999999999e-06
1459604833980,-7.15,0.0
1459604833990,-7.15,7.240000000000001e-07
1459604834000,-7.15,0.0
1459604834010,-7.15,0.0
1459604834020,-7.15,0.0
1459604834030,-7.15,1.0859999999999999e-06
1459604834040,-7.15,0.0
1459604834050,-7.15,3.6200000000000004e-07
1459604834060,-7.15,0.0
1459604834070,-7.15,7.240000000000001e-07
1459604834080,-7.15,0.0
1459604834090,-7.15,7.240000000000001e-07
1459604834100,-7.15,0.0
1459604834110,-7.15,0.0
1459604834120,-7.15,0.0
1459604834130,-7.15,7.240000000000001e-07
1459604834140,-7.15,0.0
1459604834150,-7.15,0.0
1459604834160,-7.15,0.0
1459604834170,-7.15,3.6200000000000004e-07
1459604834180,-7.15,0.0
1459604834190,-7.15,1.0859999999999999e-06
1459604834200,-7.15,0.0
1459604834210,-7.15,7.240000000000001e-07
1459604834220,-7.15,0.0
1459604834230,-7.15,0.0
1459604834240,-7.15,0.0
1459604834250,-7.15,0.0
1459604834260,-7.15,0.0
1459604834270,-7.15,1.0859999999999999e-06
1459604834280,-7.15,0.0
1459604834290,-7.15,1.0859999999999999e-06
1459604834300,-7.15,0.0
1459604834310,-7.15,3.6200000000000004e-07
1459604834320,-7.15,0.0
1459604834330,-7.15,0.0
1459604834340,-7.15,0.0
1459604834350,-7.15,7.240000000000001e-07
1459604834360,-7.15,0.0
1459604834370,-7.15,1.4480000000000002e-06
1459604834380,-7.15,0.0
1459604834390,-7.15,7.240000000000001e-07
1459604834400,-7.15,0.0
1459604834410,-7.15,3.6200000000000004e-07
1459604834420,-7.15,0.0
1459604834430,-7.15,3.6200000000000004e-07
1459604834440,-7.15,0.0
1459604834450,-7.15,7.240000000000001e-07
1459604834460,-7.15,0.0
1459604834470,-7.15,3.6200000000000004e-07
1459604834480,-7.15,0.0
1459604834490,-7.15,3.6200000000000004e-07
1459604834500,-7.15,0.0
1459604834510,-7.15,3.6200000000000004e-07
1459604834520,-7.15,0.0
1459604834530,-7.15,7.240000000000001e-07
1459604834540,-7.15,0.0
1459604834550,-7.15,7.240000000000001e-07
1459604834560,-7.15,0.0
1459604834570,-7.15,0.0
1459604834580,-7.15,0.0
1459604834590,-7.15,7.240000000000001e-07
1459604834600,-7.15,0.0
1459604834610,-7.15,0.0
1459604834620,-7.15,0.0
1459604834630,-7.15,1.0859999999999999e-06
1459604834640,-7.15,0.0
1459604834650,-7.15,7.240000000000001e-07
1459604834660,-7.15,0.0
1459604834670,-7.15,1.0859999999999999e-06
1459604834680,-7.15,0.0
1459604834690,-7.15,1.0859999999999999e-06
1459604834700,-7.15,0.0
1459604834710,-7.15,0.0
1459604834720,-7.15,0.0
1459604834730,-7.15,0.0
1459604834740,-7.15,0.0
1459604834750,-7.15,1.0859999999999999e-06
1459604834760,-7.15,0.0
1459604834770,-7.15,7.240000000000001e-07
1459604834780,-7.15,0.0
1459604834790,-7.15,7.240000000000001e-07
1459604834800,-7.15,0.0
1459604834810,-7.15,3.6200000000000004e-07
1459604834820,-7.15,0.0
1459604834830,-7.15,0.0
1459604834840,-7.15,0.0
1459604834850,-7.15,1.0859999999999999e-06
1459604834860,-7.15,0.0
1459604834870,-7.15,1.0859999999999999e-06
1459604834880,-7.15,0.0
1459604834890,-7.15,3.6200000000000004e-07
1459604834900,-7.15,0.0
1459604834910,-7.15,0.0
1459604834920,-7.15,0.0
1459604834930,-7.15,7.240000000000001e-07
1459604834940,-7.15,0.0
1459604834950,-7.15,3.6200000000000004e-07
1459604834960,-7.15,0.0
1459604834970,-7.15,7.240000000000001e-07
1459604834980,-7.15,0.0
1459604834990,-7.15,7.240000000000001e-07
1459604835000,-7.15,0.0
1459604835010,-7.15,0.0
1459604835020,-7.15,0.0
1459604835030,-7.15,3.6200000000000004e-07
1459604835040,-7.15,0.0
1459604835050,-7.15,1.4480000000000002e-06
1459604835060,-7.15,0.0
1459604835070,-7.15,3.6200000000000004e-07
1459604835080,-7.15,0.0
1459604835090,-7.15,3.6200000000000004e-07
1459604835100,-7.15,0.0
1459604835110,-7.15,3.6200000000000004e-07
1459604835120,-7.15,0.0
1459604835130,-7.15,7.240000000000001e-07
1459604835140,-7.15,0.0
1459604835150,-7.15,7.240000000000001e-07
1459604835160,-7.15,0.0
1459604835170,-7.15,7.240000000000001e-07
1459604835180,-7.15,0.0
1459604835190,-7.15,1.0859999999999999e-06
1459604835200,-7.15,0.0
1459604835210,-7.15,0.0
1459604835220,-7.15,0.0
1459604835230,-7.15,1.0859999999999999e-06
1459604835240,-7.15,0.0
1459604835250,-7.15,3.6200000000000004e-07
1459604835260,-7.15,0.0
1459604835270,-7.15,1.0859999999999999e-06
1459604835280,-7.15,0.0
1459604835290,-7.15,7.240000000000001e-07
1459604835300,-7.15,0.0
1459604835310,-7.15,3.6200000000000004e-07
1459604835320,-7.15,0.0
1459604835330,-7.15,3.6200000000000004e-07
1459604835340,-7.15,0.0
1459604835350,-7.15,7.240000000000001e-07
1459604835360,-7.15,0.0
1459604835370,-7.15,3.6200000000000004e-07
1459604835380,-7.15,0.0
1459604835390,-7.15,3.6200000000000004e-07
1459604835400,-7.15,0.0
1459604835410,-7.15,3.6200000000000004e-07
1459604835420,-7.15,0.0
1459604835430,-7.15,7.240000000000001e-07
1459604835440,-7.15,0.0
1459604835450,-7.15,0.0
1459604835460,-7.15,0.0
1459604835470,-7.15,1.0859999999999999e-06
1459604835480,-7.15,0.0
1459604835490,-7.15,3.6200000000000004e-07
1459604835500,-7.15,0.0
1459604835510,-7.15,7.240000000000001e-07
1459604835520,-7.15,0.0
1459604835530,-7.15,1.0859999999999999e-06
1459604835540,-7.15,0.0
1459604835550,-7.15,3.6200000000000004e-07
1459604835560,-7.15,0.0
1459604835570,-7.15,3.6200000000000004e-07
1459604835580,-7.15,0.0
1459604835590,-7.15,0.0
1459604835600,-7.15,0.0
1459604835610,-7.15,1.0859999999999999e-06
1459604835620,-7.15,0.0
1459604835630,-7.15,7.240000000000001e-07
1459604835640,-7.15,0.0
1459604835650,-7.15,3.6200000000000004e-07
1459604835660,-7.15,0.0
1459604835670,-7.15,0.0
1459604835680,-7.15,0.0
1459604835690,-7.15,7.240000000000001e-07
1459604835700,-7.15,0.0
1459604835710,-7.15,1.81e-06
1459604835720,-7.15,0.0
1459604835730,-7.15,0.0
1459604835740,-7.15,0.0
1459604835750,-7.15,7.240000000000001e-07
1459604835760,-7.15,0.0
1459604835770,-7.15,1.0859999999999999e-06
1459604835780,-7.15,0.0
1459604835790,-7.15,7.240000000000001e-07
1459604835800,-7.15,0.0
1459604835810,-7.15,7.240000000000001e-07
1459604835820,-7.15,0.0
1459604835830,-7.15,3.6200000000000004e-07
1459604835840,-7.15,0.0
1459604835850,-7.15,7.240000000000001e-07
1459604835860,-7.15,0.0
1459604835870,-7.15,1.0859999999999999e-06
1459604835880,-7.15,0.0
1459604835890,-7.15,7.240000000000001e-07
1459604835900,-7.15,0.0
1459604835910,-7.15,0.0
1459604835920,-7.15,0.0
1459604835930,-7.15,3.6200000000000004e-07
1459604835940,-7.15,0.0
1459604835950,-7.15,7.240000000000001e-07
1459604835960,-7.15,0.0
1459604835970,-7.15,7.240000000000001e-07
1459604835980,-7.15,0.0
1459604835990,-7.15,3.6200000000000004e-07
1459604836000,-7.15,0.0
1459604836010,-7.15,3.6200000000000004e-07
1459604836020,-7.15,0.0
1459604836030,-7.15,7.240000000000001e-07
1459604836040,-7.15,0.0
1459604836050,-7.15,7.240000000000001e-07
1459604836060,-7.15,0.0
1459604836070,-7.15,1.0859999999999999e-06
1459604836080,-7.15,0.0
1459604836090,-7.15,3.6200000000000004e-07
1459604836100,-7.15,0.0
1459604836110,-7.15,1.0859999999999999e-06
1459604836120,-7.15,0.0
1459604836130,-7.15,0.0
1459604836140,-7.15,0.0
1459604836150,-7.15,3.6200000000000004e-07
1459604836160,-7.15,0.0
1459604836170,-7.15,3.6200000000000004e-07
1459604836180,-7.15,0.0
1459604836190,-7.15,1.0859999999999999e-06
1459604836200,-7.15,0.0
1459604836210,-7.15,7.240000000000001e-07
1459604836220,-7.15,0.0
1459604836230,-7.15,0.0
1459604836240,-7.15,0.0
1459604836250,-7.15,7.240000000000001e-07
1459604836260,-7.15,0.0
1459604836270,-7.15,3.6200000000000004e-07
1459604836280,-7.15,0.0
1459604836290,-7.15,3.6200000000000004e-07
1459604836300,-7.15,0.0
1459604836310,-7.15,1.0859999999999999e-06
1459604836320,-7.15,0.0
1459604836330,-7.15,7.240000000000001e-07
1459604836340,-7.15,0.0
1459604836350,-7.15,7.240000000000001e-07
1459604836360,-7.15,0.0
1459604836370,-7.15,3.6200000000000004e-07
1459604836380,-7.15,0.0
1459604836390,-7.15,0.0
1459604836400,-7.15,0.0
1459604836410,-7.15,1.0859999999999999e-06
1459604836420,-7.15,0.0
1459604836430,-7.15,1.0859999999999999e-06
1459604836440,-7.15,0.0
1459604836450,-7.15,0.0
1459604836460,-7.15,0.0
1459604836470,-7.15,3.6200000000000004e-07
1459604836480,-7.15,0.0
1459604836490,-7.15,1.0859999999999999e-06
1459604836500,-7.15,0.0
1459604836510,-7.15,1.0859999999999999e-06
1459604836520,-7.15,0.0
1459604836530,-7.15,0.0
1459604836540,-7.15,0.0
1459604836550,-7.15,3.6200000000000004e-07
1459604836560,-7.15,0.0
1459604836570,-7.15,7.240000000000001e-07
1459604836580,-7.15,0.0
1459604836590,-7.15,1.0859999999999999e-06
1459604836600,-7.15,0.0
1459604836610,-7.15,0.0
1459604836620,-7.15,0.0
1459604836630,-7.15,1.0859999999999999e-06
1459604836640,-7.15,0.0
1459604836650,-7.15,1.0859999999999999e-06
1459604836660,-7.15,0.0
1459604836670,-7.15,1.0859999999999999e-06
1459604836680,-7.15,0.0
1459604836690,-7.15,0.0
1459604836700,-7.15,0.0
1459604836710,-7.15,0.0
1459604836720,-7.15,0.0
1459604836730,-7.15,1.4480000000000002e-06
1459604836740,-7.15,0.0
1459604836750,-7.15,3.6200000000000004e-07
1459604836760,-7.15,0.0
1459604836770,-7.15,7.240000000000001e-07
1459604836780,-7.15,0.0
1459604836790,-7.15,3.6200000000000004e-07
1459604836800,-7.15,0.0
1459604836810,-7.15,1.4480000000000002e-06
1459604836820,-7.15,0.0
1459604836830,-7.15,7.240000000000001e-07
1459604836840,-7.15,0.0
1459604836850,-7.15,0.0
1459604836860,-7.15,0.0
1459604836870,-7.15,7.240000000000001e-07
1459604836880,-7.15,0.0
1459604836890,-7.15,3.6200000000000004e-07
1459604836900,-7.15,0.0
1459604836910,-7.15,1.4480000000000002e-06
1459604836920,-7.15,0.0
1459604836930,-7.15,3.6200000000000004e-07
1459604836940,-7.15,0.0
1459604836950,-7.15,1.4480000000000002e-06
1459604836960,-7.15,0.0
1459604836970,-7.15,7.240000000000001e-07
1459604836980,-7.15,0.0
1459604836990,-7.15,3.6200000000000004e-07
1459604837000,-7.15,0.0
1459604837010,-7.15,0.0
1459604837020,-7.15,0.0
1459604837030,-7.15,1.0859999999999999e-06
1459604837040,-7.15,0.0
1459604837050,-7.15,7.240000000000001e-07
1459604837060,-7.15,0.0
1459604837070,-7.15,7.240000000000001e-07
1459604837080,-7.15,0.0
1459604837090,-7.15,7.240000000000001e-07
1459604837100,-7.15,0.0
1459604837110,-7.15,1.0859999999999999e-06
1459604837120,-7.15,0.0
1459604837130,-7.15,7.240000000000001e-07
1459604837140,-7.15,0.0
1459604837150,-7.15,7.240000000000001e-07
1459604837160,-7.15,0.0
1459604837170,-7.15,0.0
1459604837180,-7.15,0.0
1459604837190,-7.15,7.240000000000001e-07
1459604837200,-7.15,0.0
1459604837210,-7.15,3.6200000000000004e-07
1459604837220,-7.15,0.0
1459604837230,-7.15,1.0859999999999999e-06
1459604837240,-7.15,0.0
1459604837250,-7.15,0.0
1459604837260,-7.15,0.0
1459604837270,-7.15,0.0
1459604837280,-7.15,0.0
1459604837290,-7.15,7.240000000000001e-07
1459604837300,-7.15,0.0
1459604837310,-7.15,3.6200000000000004e-07
1459604837320,-7.15,0.0
1459604837330,-7.15,7.240000000000001e-07
1459604837340,-7.15,0.0
1459604837350,-7.15,3.6200000000000004e-07
1459604837360,-7.15,0.0
1459604837370,-7.15,7.240000000000001e-07
1459604837380,-7.15,0.0
1459604837390,-7.15,0.0
1459604837400,-7.15,0.0
1459604837410,-7.15,7.240000000000001e-07
1459604837420,-7.15,0.0
1459604837430,-7.15,7.240000000000001e-07
1459604837440,-7.15,0.0
1459604837450,-7.15,7.240000000000001e-07
1459604837460,-7.15,0.0
1459604837470,-7.15,7.240000000000001e-07
1459604837480,-7.15,0.0
1459604837490,-7.15,7.240000000000001e-07
1459604837500,-7.15,0.0
1459604837510,-7.15,0.0
1459604837520,-7.15,0.0
1459604837530,-7.15,3.6200000000000004e-07
1459604837540,-7.15,0.0
1459604837550,-7.15,1.4480000000000002e-06
1459604837560,-7.15,0.0
1459604837570,-7.15,1.0859999999999999e-06
1459604837580,-7.15,0.0
1459604837590,-7.15,0.0
1459604837600,-7.15,0.0
1459604837610,-7.15,0.0
1459604837620,-7.15,0.0
1459604837630,-7.15,7.240000000000001e-07
1459604837640,-7.15,0.0
1459604837650,-7.15,7.240000000000001e-07
1459604837660,-7.15,0.0
1459604837670,-7.15,1.4480000000000002e-06
1459604837680,-7.15,0.0
1459604837690,-7.15,0.0
1459604837700,-7.15,0.0
1459604837710,-7.15,1.0859999999999999e-06
1459604837720,-7.15,0.0
1459604837730,-7.15,7.240000000000001e-07
1459604837740,-7.15,0.0
1459604837750,-7.15,3.6200000000000004e-07
1459604837760,-7.15,0.0
1459604837770,-7.15,1.0859999999999999e-06
1459604837780,-7.15,0.0
1459604837790,-7.15,7.240000000000001e-07
1459604837800,-7.15,0.0
1459604837810,-7.15,3.6200000000000004e-07
1459604837820,-7.15,0.0
1459604837830,-7.15,7.240000000000001e-07
1459604837840,-7.15,0.0
1459604837850,-7.15,3.6200000000000004e-07
1459604837860,-7.15,0.0
1459604837870,-7.15,7.240000000000001e-07
1459604837880,-7.15,0.0
1459604837890,-7.15,7.240000000000001e-07
1459604837900,-7.15,0.0
1459604837910,-7.15,3.6200000000000004e-07
1459604837920,-7.15,0.0
1459604837930,-7.15,1.0859999999999999e-06
1459604837940,-7.15,0.0
1459604837950,-7.15,0.0
1459604837960,-7.15,0.0
1459604837970,-7.15,7.240000000000001e-07
1459604837980,-7.15,0.0
1459604837990,-7.15,3.6200000000000004e-07
1459604838000,-7.15,0.0
1459604838010,-7.15,3.6200000000000004e-07
1459604838020,-7.15,0.0
1459604838030,-7.15,3.6200000000000004e-07
1459604838040,-7.15,0.0
1459604838050,-7.15,0.0
1459604838060,-7.15,0.0
1459604838070,-7.15,1.0859999999999999e-06
1459604838080,-7.15,0.0
1459604838090,-7.15,7.240000000000001e-07
1459604838100,-7.15,0.0
1459604838110,-7.15,3.6200000000000004e-07
1459604838120,-7.15,0.0
1459604838130,-7.15,3.6200000000000004e-07
1459604838140,-7.15,0.0
1459604838150,-7.15,7.240000000000001e-07
1459604838160,-7.15,0.0
1459604838170,-7.15,1.0859999999999999e-06
1459604838180,-7.15,0.0
1459604838190,-7.15,0.0
1459604838200,-7.15,0.0
1459604838210,-7.15,7.240000000000001e-07
1459604838220,-7.15,0.0
1459604838230,-7.15,3.6200000000000004e-07
1459604838240,-7.15,0.0
1459604838250,-7.15,1.0859999999999999e-06
1459604838260,-7.15,0.0
1459604838270,-7.15,3.6200000000000004e-07
1459604838280,-7.15,0.0
1459604838290,-7.15,3.6200000000000004e-07
1459604838300,-7.15,0.0
1459604838310,-7.15,3.6200000000000004e-07
1459604838320,-7.15,0.0
1459604838330,-7.15,3.6200000000000004e-07
1459604838340,-7.15,0.0
1459604838350,-7.15,1.4480000000000002e-06
1459604838360,-7.15,0.0
1459604838370,-7.15,3.6200000000000004e-07
1459604838380,-7.15,0.0
1459604838390,-7.15,3.6200000000000004e-07
1459604838400,-7.15,0.0
1459604838410,-7.15,0.0
1459604838420,-7.15,0.0
1459604838430,-7.15,1.81e-06
1459604838440,-7.15,0.0
1459604838450,-7.15,1.0859999999999999e-06
1459604838460,-7.15,0.0
1459604838470,-7.15,3.6200000000000004e-07
1459604838480,-7.15,0.0
1459604838490,-7.15,0.0
1459604838500,-7.15,0.0
1459604838510,-7.15,7.240000000000001e-07
1459604838520,-7.15,0.0
1459604838530,-7.15,1.0859999999999999e-06
1459604838540,-7.15,0.0
1459604838550,-7.15,3.6200000000000004e-07
1459604838560,-7.15,0.0
1459604838570,-7.15,3.6200000000000004e-07
1459604838580,-7.15,0.0
1459604838590,-7.15,0.0
1459604838600,-7.15,0.0
1459604838610,-7.15,1.0859999999999999e-06
1459604838620,-7.15,0.0
1459604838630,-7.15,1.0859999999999999e-06
1459604838640,-7.15,0.0
1459604838650,-7.15,7.240000000000001e-07
1459604838660,-7.15,0.0
1459604838670,-7.15,7.240000000000001e-07
1459604838680,-7.15,0.0
1459604838690,-7.15,0.0
1459604838700,-7.15,0.0
1459604838710,-7.15,7.240000000000001e-07
1459604838720,-7.15,0.0
1459604838730,-7.15,3.6200000000000004e-07
1459604838740,-7.15,0.0
1459604838750,-7.15,7.240000000000001e-07
1459604838760,-7.15,0.0
1459604838770,-7.15,1.0859999999999999e-06
1459604838780,-7.15,0.0
1459604838790,-7.15,0.0
1459604838800,-7.15,0.0
1459604838810,-7.15,3.6200000000000004e-07
1459604838820,-7.15,0.0
1459604838830,-7.15,1.0859999999999999e-06
1459604838840,-7.15,0.0
1459604838850,-7.15,7.240000000000001e-07
1459604838860,-7.15,0.0
1459604838870,-7.15,0.0
1459604838880,-7.15,0.0
1459604838890,-7.15,1.0859999999999999e-06
1459604838900,-7.15,0.0
1459604838910,-7.15,1.4480000000000002e-06
1459604838920,-7.15,0.0
1459604838930,-7.15,3.6200000000000004e-07
1459604838940,-7.15,0.0
1459604838950,-7.15,0.0
1459604838960,-7.15,0.0
1459604838970,-7.15,7.240000000000001e-07
1459604838980,-7.15,0.0
1459604838990,-7.15,7.240000000000001e-07
1459604839000,-7.15,0.0
1459604839010,-7.15,0.0
1459604839020,-7.15,0.0
1459604839030,-7.15,3.6200000000000004e-07
1459604839040,-7.15,0.0
1459604839050,-7.15,3.6200000000000004e-07
1459604839060,-7.15,0.0
1459604839070,-7.15,1.0859999999999999e-06
1459604839080,-7.15,0.0
1459604839090,-7.15,3.6200000000000004e-07
1459604839100,-7.15,0.0
1459604839110,-7.15,3.6200000000000004e-07
1459604839120,-7.15,0.0
1459604839130,-7.15,1.0859999999999999e-06
1459604839140,-7.15,0.0
1459604839150,-7.15,3.6200000000000004e-07
1459604839160,-7.15,0.0
1459604839170,-7.15,3.6200000000000004e-07
1459604839180,-7.15,0.0
1459604839190,-7.15,7.240000000000001e-07
1459604839200,-7.15,0.0
1459604839210,-7.15,7.240000000000001e-07
1459604839220,-7.15,0.0
1459604839230,-7.15,1.4480000000000002e-06
1459604839240,-7.15,0.0
1459604839250,-7.15,0.0
1459604839260,-7.15,0.0
1459604839270,-7.15,3.6200000000000004e-07
1459604839280,-7.15,0.0
1459604839290,-7.15,7.240000000000001e-07
1459604839300,-7.15,0.0
1459604839310,-7.15,1.0859999999999999e-06
1459604839320,-7.15,0.0
1459604839330,-7.15,7.240000000000001e-07
1459604839340,-7.15,0.0
1459604839350,-7.15,1.0859999999999999e-06
1459604839360,-7.15,0.0
1459604839370,-7.15,0.0
1459604839380,-7.15,0.0
1459604839390,-7.15,1.0859999999999999e-06
1459604839400,-7.15,0.0
1459604839410,-7.15,1.0859999999999999e-06
1459604839420,-7.15,0.0
1459604839430,-7.15,3.6200000000000004e-07
1459604839440,-7.15,0.0
1459604839450,-7.15,0.0
1459604839460,-7.15,0.0
1459604839470,-7.15,1.0859999999999999e-06
1459604839480,-7.15,0.0
1459604839490,-7.15,0.0
1459604839500,-7.15,0.0
1459604839510,-7.15,3.6200000000000004e-07
1459604839520,-7.15,0.0
1459604839530,-7.15,7.240000000000001e-07
1459604839540,-7.15,0.0
1459604839550,-7.15,7.240000000000001e-07
1459604839560,-7.15,0.0
1459604839570,-7.15,3.6200000000000004e-07
1459604839580,-7.15,0.0
1459604839590,-7.15,7.240000000000001e-07
1459604839600,-7.15,0.0
1459604839610,-7.15,7.240000000000001e-07
1459604839620,-7.15,0.0
1459604839630,-7.15,3.6200000000000004e-07
1459604839640,-7.15,0.0
1459604839650,-7.15,7.240000000000001e-07
1459604839660,-7.15,0.0
1459604839670,-7.15,0.0
1459604839680,-7.15,0.0
1459604839690,-7.15,7.240000000000001e-07
1459604839700,-7.15,0.0
1459604839710,-7.15,3.6200000000000004e-07
1459604839720,-7.15,0.0
1459604839730,-7.15,3.6200000000000004e-07
1459604839740,-7.15,0.0
1459604839750,-7.15,3.6200000000000004e-07
1459604839760,-7.15,0.0
1459604839770,-7.15,7.240000000000001e-07
1459604839780,-7.15,0.0
1459604839790,-7.15,7.240000000000001e-07
1459604839800,-7.15,0.0
1459604839810,-7.15,7.240000000000001e-07
1459604839820,-7.15,0.0
1459604839830,-7.15,3.6200000000000004e-07
1459604839840,-7.15,0.0
1459604839850,-7.15,3.6200000000000004e-07
1459604839860,-7.15,0.0
1459604839870,-7.15,1.0859999999999999e-06
1459604839880,-7.15,0.0
1459604839890,-7.15,1.0859999999999999e-06
1459604839900,-7.15,0.0
1459604839910,-7.15,3.6200000000000004e-07
1459604839920,-7.15,0.0
1459604839930,-7.15,3.6200000000000004e-07
1459604839940,-7.15,0.0
1459604839950,-7.15,7.240000000000001e-07
1459604839960,-7.15,0.0
1459604839970,-7.15,7.240000000000001e-07
1459604839980,-7.15,0.0
1459604839990,-7.15,1.0859999999999999e-06
1459604840000,-7.15,0.0
1459604840010,-7.15,0.0
1459604840020,-7.15,0.0
1459604840030,-7.15,1.81e-06
1459604840040,-7.15,0.0
1459604840050,-7.15,3.6200000000000004e-07
1459604840060,-7.15,0.0
1459604840070,-7.15,7.240000000000001e-07
1459604840080,-7.15,0.0
1459604840090,-7.15,7.240000000000001e-07
1459604840100,-7.15,0.0
1459604840110,-7.15,3.6200000000000004e-07
1459604840120,-7.15,0.0
1459604840130,-7.15,1.0859999999999999e-06
1459604840140,-7.15,0.0
1459604840150,-7.15,3.6200000000000004e-07
1459604840160,-7.15,0.0
1459604840170,-7.15,3.6200000000000004e-07
1459604840180,-7.15,0.0
1459604840190,-7.15,1.0859999999999999e-06
1459604840200,-7.15,0.0
1459604840210,-7.15,1.0859999999999999e-06
1459604840220,-7.15,0.0
1459604840230,-7.15,3.6200000000000004e-07
1459604840240,-7.15,0.0
1459604840250,-7.15,3.6200000000000004e-07
1459604840260,-7.15,0.0
1459604840270,-7.15,1.0859999999999999e-06
1459604840280,-7.15,0.0
1459604840290,-7.15,0.0
1459604840300,-7.15,0.0
1459604840310,-7.15,1.0859999999999999e-06
1459604840320,-7.15,0.0
1459604840330,-7.15,3.6200000000000004e-07
1459604840340,-7.15,0.0
1459604840350,-7.15,1.0859999999999999e-06
1459604840360,-7.15,0.0
1459604840370,-7.15,7.240000000000001e-07
1459604840380,-7.15,0.0
1459604840390,-7.15,0.0
1459604840400,-7.15,0.0
1459604840410,-7.15,1.0859999999999999e-06
1459604840420,-7.15,0.0
1459604840430,-7.15,3.6200000000000004e-07
1459604840440,-7.15,0.0
1459604840450,-7.15,7.240000000000001e-07
1459604840460,-7.15,0.0
1459604840470,-7.15,0.0
1459604840480,-7.15,0.0
1459604840490,-7.15,1.4480000000000002e-06
1459604840500,-7.15,0.0
1459604840510,-7.15,7.240000000000001e-07
1459604840520,-7.15,0.0
1459604840530,-7.15,3.6200000000000004e-07
1459604840540,-7.15,0.0
1459604840550,-7.15,7.240000000000001e-07
1459604840560,-7.15,0.0
1459604840570,-7.15,3.6200000000000004e-07
1459604840580,-7.15,0.0
1459604840590,-7.15,1.0859999999999999e-06
1459604840600,-7.15,0.0
1459604840610,-7.15,0.0
1459604840620,-7.15,0.0
1459604840630,-7.15,0.0
1459604840640,-7.15,0.0
1459604840650,-7.15,7.240000000000001e-07
1459604840660,-7.15,0.0
1459604840670,-7.15,3.6200000000000004e-07
1459604840680,-7.15,0.0
1459604840690,-7.15,1.4480000000000002e-06
1459604840700,-7.15,0.0
1459604840710,-7.15,3.6200000000000004e-07
1459604840720,-7.15,0.0
1459604840730,-7.15,0.0
1459604840740,-7.15,0.0
1459604840750,-7.15,3.6200000000000004e-07
1459604840760,-7.15,0.0
1459604840770,-7.15,7.240000000000001e-07
1459604840780,-7.15,0.0
1459604840790,-7.15,7.240000000000001e-07
1459604840800,-7.15,0.0
1459604840810,-7.15,7.240000000000001e-07
1459604840820,-7.15,0.0
1459604840830,-7.15,7.240000000000001e-07
1459604840840,-7.15,0.0
1459604840850,-7.15,7.240000000000001e-07
1459604840860,-7.15,0.0
1459604840870,-7.15,0.0
1459604840880,-7.15,0.0
1459604840890,-7.15,7.240000000000001e-07
1459604840900,-7.15,0.0
1459604840910,-7.15,7.240000000000001e-07
1459604840920,-7.15,0.0
1459604840930,-7.15,1.4480000000000002e-06
1459604840940,-7.15,0.0
1459604840950,-7.15,3.6200000000000004e-07
1459604840960,-7.15,0.0
1459604840970,-7.15,3.6200000000000004e-07
1459604840980,-7.15,0.0
1459604840990,-7.15,7.240000000000001e-07
1459604841000,-7.15,0.0
1459604841010,-7.15,7.240000000000001e-07
1459604841020,-7.15,0.0
1459604841030,-7.15,3.6200000000000004e-07
1459604841040,-7.15,0.0
1459604841050,-7.15,3.6200000000000004e-07
1459604841060,-7.15,0.0
1459604841070,-7.15,7.240000000000001e-07
1459604841080,-7.15,0.0
1459604841090,-7.15,1.4480000000000002e-06
1459604841100,-7.15,0.0
1459604841110,-7.15,3.6200000000000004e-07
1459604841120,-7.15,0.0
1459604841130,-7.15,7.240000000000001e-07
1459604841140,-7.15,0.0
1459604841150,-7.15,1.0859999999999999e-06
1459604841160,-7.15,0.0
1459604841170,-7.15,0.0
1459604841180,-7.15,0.0
1459604841190,-7.15,1.0859999999999999e-06
1459604841200,-7.15,0.0
1459604841210,-7.15,0.0
1459604841220,-7.15,0.0
1459604841230,-7.15,3.6200000000000004e-07
1459604841240,-7.15,0.0
1459604841250,-7.15,7.240000000000001e-07
1459604841260,-7.15,0.0
1459604841270,-7.15,1.4480000000000002e-06
1459604841280,-7.15,0.0
1459604841290,-7.15,0.0
1459604841300,-7.15,0.0
1459604841310,-7.15,7.240000000000001e-07
1459604841320,-7.15,0.0
1459604841330,-7.15,7.240000000000001e-07
1459604841340,-7.15,0.0
1459604841350,-7.15,1.0859999999999999e-06
1459604841360,-7.15,0.0
1459604841370,-7.15,0.0
1459604841380,-7.15,0.0
1459604841390,-7.15,1.0859999999999999e-06
1459604841400,-7.15,0.0
1459604841410,-7.15,1.4480000000000002e-06
1459604841420,-7.15,0.0
1459604841430,-7.15,3.6200000000000004e-07
1459604841440,-7.15,0.0
1459604841450,-7.15,3.6200000000000004e-07
1459604841460,-7.15,0.0
1459604841470,-7.15,3.6200000000000004e-07
1459604841480,-7.15,0.0
1459604841490,-7.15,1.4480000000000002e-06
1459604841500,-7.15,0.0
1459604841510,-7.15,0.0
1459604841520,-7.15,0.0
1459604841530,-7.15,7.240000000000001e-07
1459604841540,-7.15,0.0
1459604841550,-7.15,1.0859999999999999e-06
1459604841560,-7.15,0.0
1459604841570,-7.15,3.6200000000000004e-07
1459604841580,-7.15,0.0
1459604841590,-7.15,7.240000000000001e-07
1459604841600,-7.15,0.0
1459604841610,-7.15,3.6200000000000004e-07
1459604841620,-7.15,0.0
1459604841630,-7.15,1.0859999999999999e-06
1459604841640,-7.15,0.0
1459604841650,-7.15,0.0
1459604841660,-7.15,0.0
1459604841670,-7.15,1.0859999999999999e-06
1459604841680,-7.15,0.0
1459604841690,-7.15,1.0859999999999999e-06
1459604841700,-7.15,0.0
1459604841710,-7.15,0.0
1459604841720,-7.15,0.0
1459604841730,-7.15,3.6200000000000004e-07
1459604841740,-7.15,0.0
1459604841750,-7.15,1.4480000000000002e-06
1459604841760,-7.15,0.0
1459604841770,-7.15,0.0
1459604841780,-7.15,0.0
1459604841790,-7.15,3.6200000000000004e-07
1459604841800,-7.15,0.0
1459604841810,-7.15,3.6200000000000004e-07
1459604841820,-7.15,0.0
1459604841830,-7.15,7.240000000000001e-07
1459604841840,-7.15,0.0
1459604841850,-7.15,3.6200000000000004e-07
1459604841860,-7.15,0.0
1459604841870,-7.15,0.0
1459604841880,-7.15,0.0
1459604841890,-7.15,3.6200000000000004e-07
1459604841900,-7.15,0.0
1459604841910,-7.15,1.4480000000000002e-06
1459604841920,-7.15,0.0
1459604841930,-7.15,7.240000000000001e-07
1459604841940,-7.15,0.0
1459604841950,-7.15,3.6200000000000004e-07
1459604841960,-7.15,0.0
1459604841970,-7.15,3.6200000000000004e-07
1459604841980,-7.15,0.0
1459604841990,-7.15,7.240000000000001e-07
1459604842000,-7.15,0.0
1459604842010,-7.15,1.0859999999999999e-06
1459604842020,-7.15,0.0
1459604842030,-7.15,0.0
1459604842040,-7.15,0.0
1459604842050,-7.15,7.240000000000001e-07
1459604842060,-7.15,0.0
1459604842070,-7.15,7.240000000000001e-07
1459604842080,-7.15,0.0
1459604842090,-7.15,7.240000000000001e-07
1459604842100,-7.15,0.0
1459604842110,-7.15,0.0
1459604842120,-7.15,0.0
1459604842130,-7.15,7.240000000000001e-07
1459604842140,-7.15,0.0
1459604842150,-7.15,1.0859999999999999e-06
1459604842160,-7.15,0.0
1459604842170,-7.15,7.240000000000001e-07
1459604842180,-7.15,0.0
1459604842190,-7.15,3.6200000000000004e-07
1459604842200,-7.15,0.0
1459604842210,-7.15,7.240000000000001e-07
1459604842220,-7.15,0.0
1459604842230,-7.15,3.6200000000000004e-07
1459604842240,-7.15,0.0
1459604842250,-7.15,3.6200000000000004e-07
1459604842260,-7.15,0.0
1459604842270,-7.15,7.240000000000001e-07
1459604842280,-7.15,0.0
1459604842290,-7.15,3.6200000000000004e-07
1459604842300,-7.15,0.0
1459604842310,-7.15,1.0859999999999999e-06
1459604842320,-7.15,0.0
1459604842330,-7.15,0.0
1459604842340,-7.15,0.0
1459604842350,-7.15,1.0859999999999999e-06
1459604842360,-7.15,0.0
1459604842370,-7.15,0.0
1459604842380,-7.15,0.0
1459604842390,-7.15,1.0859999999999999e-06
1459604842400,-7.15,0.0
1459604842410,-7.15,1.0859999999999999e-06
1459604842420,-7.15,0.0
1459604842430,-7.15,3.6200000000000004e-07
1459604842440,-7.15,0.0
1459604842450,-7.15,0.0
1459604842460,-7.15,0.0
1459604842470,-7.15,7.240000000000001e-07
1459604842480,-7.15,0.0
1459604842490,-7.15,7.240000000000001e-07
1459604842500,-7.15,0.0
1459604842510,-7.15,7.240000000000001e-07
1459604842520,-7.15,0.0
1459604842530,-7.15,3.6200000000000004e-07
1459604842540,-7.15,0.0
1459604842550,-7.15,7.240000000000001e-07
1459604842560,-7.15,0.0
1459604842570,-7.15,3.6200000000000004e-07
1459604842580,-7.15,0.0
1459604842590,-7.15,7.240000000000001e-07
1459604842600,-7.15,0.0
1459604842610,-7.15,7.240000000000001e-07
1459604842620,-7.15,0.0
1459604842630,-7.15,7.240000000000001e-07
1459604842640,-7.15,0.0
1459604842650,-7.15,0.0
1459604842660,-7.15,0.0
1459604842670,-7.15,3.6200000000000004e-07
1459604842680,-7.15,0.0
1459604842690,-7.15,1.0859999999999999e-06
1459604842700,-7.15,0.0
1459604842710,-7.15,7.240000000000001e-07
1459604842720,-7.15,0.0
1459604842730,-7.15,7.240000000000001e-07
1459604842740,-7.15,0.0
1459604842750,-7.15,0.0
1459604842760,-7.15,0.0
1459604842770,-7.15,1.0859999999999999e-06
1459604842780,-7.15,0.0
1459604842790,-7.15,1.0859999999999999e-06
1459604842800,-7.15,0.0
1459604842810,-7.15,7.240000000000001e-07
1459604842820,-7.15,0.0
1459604842830,-7.15,0.0
1459604842840,-7.15,0.0
1459604842850,-7.15,3.6200000000000004e-07
1459604842860,-7.15,0.0
1459604842870,-7.15,3.6200000000000004e-07
1459604842880,-7.15,0.0
1459604842890,-7.15,1.4480000000000002e-06
1459604842900,-7.15,0.0
1459604842910,-7.15,7.240000000000001e-07
1459604842920,-7.15,0.0
1459604842930,-7.15,1.0859999999999999e-06
1459604842940,-7.15,0.0
1459604842950,-7.15,3.6200000000000004e-07
1459604842960,-7.15,0.0
1459604842970,-7.15,7.240000000000001e-07
1459604842980,-7.15,0.0
1459604842990,-7.15,7.240000000000001e-07
1459604843000,-7.15,0.0
1459604843010,-7.15,3.6200000000000004e-07
1459604843020,-7.15,0.0
1459604843030,-7.15,7.240000000000001e-07
1459604843040,-7.15,0.0
1459604843050,-7.15,1.81e-06
1459604843060,-7.15,0.0
1459604843070,-7.15,0.0
1459604843080,-7.15,0.0
1459604843090,-7.15,7.240000000000001e-07
1459604843100,-7.15,0.0
1459604843110,-7.15,7.240000000000001e-07
1459604843120,-7.15,0.0
1459604843130,-7.15,1.0859999999999999e-06
1459604843140,-7.15,0.0
1459604843150,-7.15,0.0
1459604843160,-7.15,0.0
1459604843170,-7.15,3.6200000000000004e-07
1459604843180,-7.15,0.0
1459604843190,-7.15,1.4480000000000002e-06
1459604843200,-7.15,0.0
1459604843210,-7.15,3.6200000000000004e-07
1459604843220,-7.15,0.0
1459604843230,-7.15,3.6200000000000004e-07
1459604843240,-7.15,0.0
1459604843250,-7.15,1.0859999999999999e-06
1459604843260,-7.15,0.0
1459604843270,-7.15,1.0859999999999999e-06
1459604843280,-7.15,0.0
1459604843290,-7.15,0.0
1459604843300,-7.15,0.0
1459604843310,-7.15,7.240000000000001e-07
1459604843320,-7.15,0.0
1459604843330,-7.15,7.240000000000001e-07
1459604843340,-7.15,0.0
1459604843350,-7.15,3.6200000000000004e-07
1459604843360,-7.15,0.0
1459604843370,-7.15,1.0859999999999999e-06
1459604843380,-7.15,0.0
1459604843390,-7.15,3.6200000000000004e-07
1459604843400,-7.15,0.0
1459604843410,-7.15,1.0859999999999999e-06
1459604843420,-7.15,0.0
1459604843430,-7.15,0.0
1459604843440,-7.15,0.0
1459604843450,-7.15,7.240000000000001e-07
1459604843460,-7.15,0.0
1459604843470,-7.15,7.240000000000001e-07
1459604843480,-7.15,0.0
1459604843490,-7.15,3.6200000000000004e-07
1459604843500,-7.15,0.0
1459604843510,-7.15,7.240000000000001e-07
1459604843520,-7.15,0.0
1459604843530,-7.15,1.0859999999999999e-06
1459604843540,-7.15,0.0
1459604843550,-7.15,3.6200000000000004e-07
1459604843560,-7.15,0.0
1459604843570,-7.15,3.6200000000000004e-07
1459604843580,-7.15,0.0
1459604843590,-7.15,3.6200000000000004e-07
1459604843600,-7.15,0.0
1459604843610,-7.15,1.0859999999999999e-06
1459604843620,-7.15,0.0
1459604843630,-7.15,7.240000000000001e-07
1459604843640,-7.15,0.0
1459604843650,-7.15,0.0
1459604843660,-7.15,0.0
1459604843670,-7.15,3.6200000000000004e-07
1459604843680,-7.15,0.0
1459604843690,-7.15,1.0859999999999999e-06
1459604843700,-7.15,0.0
1459604843710,-7.15,7.240000000000001e-07
1459604843720,-7.15,0.0
1459604843730,-7.15,3.6200000000000004e-07
1459604843740,-7.15,0.0
1459604843750,-7.15,0.0
1459604843760,-7.15,0.0
1459604843770,-7.15,7.240000000000001e-07
1459604843780,-7.15,0.0
1459604843790,-7.15,3.6200000000000004e-07
1459604843800,-7.15,0.0
1459604843810,-7.15,7.240000000000001e-07
1459604843820,-7.15,0.0
1459604843830,-7.15,3.6200000000000004e-07
1459604843840,-7.15,0.0
1459604843850,-7.15,1.0859999999999999e-06
1459604843860,-7.15,0.0
1459604843870,-7.15,3.6200000000000004e-07
1459604843880,-7.15,0.0
1459604843890,-7.15,7.240000000000001e-07
1459604843900,-7.15,0.0
1459604843910,-7.15,7.240000000000001e-07
1459604843920,-7.15,0.0
1459604843930,-7.15,3.6200000000000004e-07
1459604843940,-7.15,0.0
1459604843950,-7.15,7.240000000000001e-07
1459604843960,-7.15,0.0
1459604843970,-7.15,3.6200000000000004e-07
1459604843980,-7.15,0.0
1459604843990,-7.15,7.240000000000001e-07
1459604844000,-7.15,0.0
1459604844010,-7.15,7.240000000000001e-07
1459604844020,-7.15,0.0
1459604844030,-7.15,3.6200000000000004e-07
1459604844040,-7.15,0.0
1459604844050,-7.15,3.6200000000000004e-07
1459604844060,-7.15,0.0
1459604844070,-7.15,1.0859999999999999e-06
1459604844080,-7.15,0.0
1459604844090,-7.15,3.6200000000000004e-07
1459604844100,-7.15,0.0
1459604844110,-7.15,7.240000000000001e-07
1459604844120,-7.15,0.0
1459604844130,-7.15,3.6200000000000004e-07
1459604844140,-7.15,0.0
1459604844150,-7.15,7.240000000000001e-07
1459604844160,-7.15,0.0
1459604844170,-7.06,7.240000000000001e-07
1459604844180,-7.06,0.0
1459604844190,-7.06,3.6200000000000004e-07
1459604844200,-7.06,0.0
1459604844210,-7.06,3.6200000000000004e-07
1459604844220,-7.06,0.0
1459604844230,-7.06,0.0
1459604844240,-7.06,0.0
1459604844250,-7.06,1.0859999999999999e-06
1459604844260,-7.06,0.0
1459604844270,-7.06,7.240000000000001e-07
1459604844280,-7.06,0.0
1459604844290,-7.06,7.240000000000001e-07
1459604844300,-7.06,0.0
1459604844310,-7.06,7.240000000000001e-07
1459604844320,-7.06,0.0
1459604844330,-7.06,3.6200000000000004e-07
1459604844340,-7.06,0.0
1459604844350,-7.06,1.0859999999999999e-06
1459604844360,-7.06,0.0
1459604844370,-7.06,1.4480000000000002e-06
1459604844380,-7.06,0.0
1459604844390,-7.06,1.0859999999999999e-06
1459604844400,-7.06,0.0
1459604844410,-7.06,0.0
1459604844420,-7.06,0.0
1459604844430,-7.06,3.6200000000000004e-07
1459604844440,-7.06,0.0
1459604844450,-7.06,3.6200000000000004e-07
1459604844460,-7.06,0.0
1459604844470,-7.06,7.240000000000001e-07
1459604844480,-7.06,0.0
1459604844490,-7.06,7.240000000000001e-07
1459604844500,-7.06,0.0
1459604844510,-7.06,0.0
1459604844520,-7.06,0.0
1459604844530,-7.06,7.240000000000001e-07
1459604844540,-7.06,0.0
1459604844550,-7.06,1.4480000000000002e-06
1459604844560,-7.06,0.0
1459604844570,-7.06,7.240000000000001e-07
1459604844580,-7.06,0.0
1459604844590,-7.06,3.6200000000000004e-07
1459604844600,-7.06,0.0
1459604844610,-7.06,3.6200000000000004e-07
1459604844620,-7.06,0.0
1459604844630,-7.06,3.6200000000000004e-07
1459604844640,-7.06,0.0
1459604844650,-7.06,1.4480000000000002e-06
1459604844660,-7.06,0.0
1459604844670,-7.06,1.0859999999999999e-06
1459604844680,-7.06,0.0
1459604844690,-7.06,0.0
1459604844700,-7.06,0.0
1459604844710,-7.06,0.0
1459604844720,-7.06,0.0
1459604844730,-7.06,7.240000000000001e-07
1459604844740,-7.06,0.0
1459604844750,-7.06,0.0
1459604844760,-7.06,0.0
1459604844770,-7.06,3.6200000000000004e-07
1459604844780,-7.06,0.0
1459604844790,-7.06,7.240000000000001e-07
1459604844800,-7.06,0.0
1459604844810,-7.06,7.240000000000001e-07
1459604844820,-7.06,0.0
1459604844830,-7.06,0.0
1459604844840,-7.06,0.0
1459604844850,-7.06,7.240000000000001e-07
1459604844860,-7.06,0.0
1459604844870,-7.06,7.240000000000001e-07
1459604844880,-7.06,0.0
1459604844890,-7.06,7.240000000000001e-07
1459604844900,-7.06,0.0
1459604844910,-7.06,0.0
1459604844920,-7.06,0.0
1459604844930,-7.06,1.0859999999999999e-06
1459604844940,-7.06,0.0
1459604844950,-7.06,3.6200000000000004e-07
1459604844960,-7.06,0.0
1459604844970,-7.06,1.0859999999999999e-06
1459604844980,-7.06,0.0
1459604844990,-7.06,3.6200000000000004e-07
1459604845000,-7.06,0.0
1459604845010,-7.06,0.0
1459604845020,-7.06,0.0
1459604845030,-7.06,1.0859999999999999e-06
1459604845040,-7.06,0.0
1459604845050,-7.06,3.6200000000000004e-07
1459604845060,-7.06,0.0
1459604845070,-7.06,1.0859999999999999e-06
1459604845080,-7.06,0.0
1459604845090,-7.06,7.240000000000001e-07
1459604845100,-7.06,0.0
1459604845110,-7.06,0.0
1459604845120,-7.06,0.0
1459604845130,-7.06,7.240000000000001e-07
1459604845140,-7.06,0.0
1459604845150,-7.06,3.6200000000000004e-07
1459604845160,-7.06,0.0
1459604845170,-7.06,3.6200000000000004e-07
1459604845180,-7.06,0.0
1459604845190,-7.06,7.240000000000001e-07
1459604845200,-7.06,0.0
1459604845210,-7.06,7.240000000000001e-07
1459604845220,-7.06,0.0
1459604845230,-7.06,3.6200000000000004e-07
1459604845240,-7.06,0.0
1459604845250,-7.06,0.0
1459604845260,-7.06,0.0
1459604845270,-7.06,3.6200000000000004e-07
1459604845280,-7.06,0.0
1459604845290,-7.06,1.4480000000000002e-06
1459604845300,-7.06,0.0
1459604845310,-7.06,7.240000000000001e-07
1459604845320,-7.06,0.0
1459604845330,-7.06,0.0
1459604845340,-7.06,0.0
1459604845350,-7.06,3.6200000000000004e-07
1459604845360,-7.06,0.0
1459604845370,-7.06,1.81e-06
1459604845380,-7.06,0.0
1459604845390,-7.06,3.6200000000000004e-07
1459604845400,-7.06,0.0
1459604845410,-7.06,3.6200000000000004e-07
1459604845420,-7.06,0.0
1459604845430,-7.06,0.0
1459604845440,-7.06,0.0
1459604845450,-7.06,1.4480000000000002e-06
1459604845460,-7.06,0.0
1459604845470,-7.06,3.6200000000000004e-07
1459604845480,-7.06,0.0
1459604845490,-7.06,0.0
1459604845500,-7.06,0.0
1459604845510,-7.06,7.240000000000001e-07
1459604845520,-7.06,0.0
1459604845530,-7.06,1.0859999999999999e-06
1459604845540,-7.06,0.0
1459604845550,-7.06,3.6200000000000004e-07
1459604845560,-7.06,0.0
1459604845570,-7.06,3.6200000000000004e-07
1459604845580,-7.06,0.0
1459604845590,-7.06,1.4480000000000002e-06
1459604845600,-7.06,0.0
1459604845610,-7.06,3.6200000000000004e-07
1459604845620,-7.06,0.0
1459604845630,-7.06,3.6200000000000004e-07
1459604845640,-7.06,0.0
1459604845650,-7.06,3.6200000000000004e-07
1459604845660,-7.06,0.0
1459604845670,-7.06,7.240000000000001e-07
1459604845680,-7.06,0.0
1459604845690,-7.06,0.0
1459604845700,-7.06,0.0
1459604845710,-7.06,7.240000000000001e-07
1459604845720,-7.06,0.0
1459604845730,-7.06,7.240000000000001e-07
1459604845740,-7.06,0.0
1459604845750,-7.06,3.6200000000000004e-07
1459604845760,-7.06,0.0
1459604845770,-7.06,1.0859999999999999e-06
1459604845780,-7.06,0.0
1459604845790,-7.06,7.240000000000001e-07
1459604845800,-7.06,0.0
1459604845810,-7.06,1.0859999999999999e-06
1459604845820,-7.06,0.0
1459604845830,-7.06,3.6200000000000004e-07
1459604845840,-7.06,0.0
1459604845850,-7.06,3.6200000000000004e-07
1459604845860,-7.06,0.0
1459604845870,-7.06,7.240000000000001e-07
1459604845880,-7.06,0.0
1459604845890,-7.06,3.6200000000000004e-07
1459604845900,-7.06,0.0
1459604845910,-7.06,1.0859999999999999e-06
1459604845920,-7.06,0.0
1459604845930,-7.06,3.6200000000000004e-07
1459604845940,-7.06,0.0
1459604845950,-7.06,7.240000000000001e-07
1459604845960,-7.06,0.0
1459604845970,-7.06,1.0859999999999999e-06
1459604845980,-7.06,0.0
1459604845990,-7.06,3.6200000000000004e-07
1459604846000,-7.06,0.0
1459604846010,-7.06,3.6200000000000004e-07
1459604846020,-7.06,0.0
1459604846030,-7.06,7.240000000000001e-07
1459604846040,-7.06,0.0
1459604846050,-7.06,3.6200000000000004e-07
1459604846060,-7.06,0.0
1459604846070,-7.06,7.240000000000001e-07
1459604846080,-7.06,0.0
1459604846090,-7.06,1.0859999999999999e-06
1459604846100,-7.06,0.0
1459604846110,-7.06,0.0
1459604846120,-7.06,0.0
1459604846130,-7.06,3.6200000000000004e-07
1459604846140,-7.06,0.0
1459604846150,-7.06,7.240000000000001e-07
1459604846160,-7.06,0.0
1459604846170,-7.06,7.240000000000001e-07
1459604846180,-7.06,0.0
1459604846190,-7.06,1.0859999999999999e-06
1459604846200,-7.06,0.0
1459604846210,-7.06,0.0
1459604846220,-7.06,0.0
1459604846230,-7.06,0.0
1459604846240,-7.06,0.0
1459604846250,-7.06,7.240000000000001e-07
1459604846260,-7.06,0.0
1459604846270,-7.06,7.240000000000001e-07
1459604846280,-7.06,0.0
1459604846290,-7.06,3.6200000000000004e-07
1459604846300,-7.06,0.0
1459604846310,-7.06,1.0859999999999999e-06
1459604846320,-7.06,0.0
1459604846330,-7.06,7.240000000000001e-07
1459604846340,-7.06,0.0
1459604846350,-7.06,3.6200000000000004e-07
1459604846360,-7.06,0.0
1459604846370,-7.06,7.240000000000001e-07
1459604846380,-7.06,0.0
1459604846390,-7.06,3.6200000000000004e-07
1459604846400,-7.06,0.0
1459604846410,-7.06,1.0859999999999999e-06
1459604846420,-7.06,0.0
1459604846430,-7.06,0.0
1459604846440,-7.06,0.0
1459604846450,-7.06,7.240000000000001e-07
1459604846460,-7.06,0.0
1459604846470,-7.06,0.0
1459604846480,-7.06,0.0
1459604846490,-7.06,1.0859999999999999e-06
1459604846500,-7.06,0.0
1459604846510,-7.06,7.240000000000001e-07
1459604846520,-7.06,0.0
1459604846530,-7.06,3.6200000000000004e-07
1459604846540,-7.06,0.0
1459604846550,-7.06,3.6200000000000004e-07
1459604846560,-7.06,0.0
1459604846570,-7.06,3.6200000000000004e-07
1459604846580,-7.06,0.0
1459604846590,-7.06,3.6200000000000004e-07
1459604846600,-7.06,0.0
1459604846610,-7.06,1.0859999999999999e-06
1459604846620,-7.06,0.0
1459604846630,-7.06,7.240000000000001e-07
1459604846640,-7.06,0.0
1459604846650,-7.06,3.6200000000000004e-07
1459604846660,-7.06,0.0
1459604846670,-7.06,7.240000000000001e-07
1459604846680,-7.06,0.0
1459604846690,-7.06,0.0
1459604846700,-7.06,0.0
1459604846710,-7.06,1.0859999999999999e-06
1459604846720,-7.06,0.0
1459604846730,-7.06,3.6200000000000004e-07
1459604846740,-7.06,0.0
1459604846750,-7.06,3.6200000000000004e-07
1459604846760,-7.06,0.0
1459604846770,-7.06,1.0859999999999999e-06
1459604846780,-7.06,0.0
1459604846790,-7.06,3.6200000000000004e-07
1459604846800,-7.06,0.0
1459604846810,-7.06,0.0
1459604846820,-7.06,0.0
1459604846830,-7.06,7.240000000000001e-07
1459604846840,-7.06,0.0
1459604846850,-7.06,3.6200000000000004e-07
1459604846860,-7.06,0.0
1459604846870,-7.06,7.240000000000001e-07
1459604846880,-7.06,0.0
1459604846890,-7.06,0.0
1459604846900,-7.06,0.0
1459604846910,-7.06,7.240000000000001e-07
1459604846920,-7.06,0.0
1459604846930,-7.06,7.240000000000001e-07
1459604846940,-7.06,0.0
1459604846950,-7.06,0.0
1459604846960,-7.06,0.0
1459604846970,-7.06,1.0859999999999999e-06
1459604846980,-7.06,0.0
1459604846990,-7.06,7.240000000000001e-07
1459604847000,-7.06,0.0
1459604847010,-7.06,0.0
1459604847020,-7.06,0.0
1459604847030,-7.06,0.0
1459604847040,-7.06,0.0
1459604847050,-7.06,1.4480000000000002e-06
1459604847060,-7.06,0.0
1459604847070,-7.06,7.240000000000001e-07
1459604847080,-7.06,0.0
1459604847090,-7.06,7.240000000000001e-07
1459604847100,-7.06,0.0
1459604847110,-7.06,3.6200000000000004e-07
1459604847120,-7.06,0.0
1459604847130,-7.06,7.240000000000001e-07
1459604847140,-7.06,0.0
1459604847150,-7.06,7.240000000000001e-07
1459604847160,-7.06,0.0
1459604847170,-7.06,7.240000000000001e-07
1459604847180,-7.06,0.0
1459604847190,-7.06,7.240000000000001e-07
1459604847200,-7.06,0.0
1459604847210,-7.06,3.6200000000000004e-07
1459604847220,-7.06,0.0
1459604847230,-7.06,7.240000000000001e-07
1459604847240,-7.06,0.0
1459604847250,-7.06,3.6200000000000004e-07
1459604847260,-7.06,0.0
1459604847270,-7.06,3.6200000000000004e-07
1459604847280,-7.06,0.0
1459604847290,-7.06,7.240000000000001e-07
1459604847300,-7.06,0.0
1459604847310,-7.06,3.6200000000000004e-07
1459604847320,-7.06,0.0
1459604847330,-7.06,1.0859999999999999e-06
1459604847340,-7.06,0.0
1459604847350,-7.06,3.6200000000000004e-07
1459604847360,-7.06,0.0
1459604847370,-7.06,3.6200000000000004e-07
1459604847380,-7.06,0.0
1459604847390,-7.06,7.240000000000001e-07
1459604847400,-7.06,0.0
1459604847410,-7.06,3.6200000000000004e-07
1459604847420,-7.06,0.0
1459604847430,-7.06,3.6200000000000004e-07
1459604847440,-7.06,0.0
1459604847450,-7.06,1.4480000000000002e-06
1459604847460,-7.06,0.0
1459604847470,-7.06,7.240000000000001e-07
1459604847480,-7.06,0.0
1459604847490,-7.06,7.240000000000001e-07
1459604847500,-7.06,0.0
1459604847510,-7.06,0.0
1459604847520,-7.06,0.0
1459604847530,-7.06,3.6200000000000004e-07
1459604847540,-7.06,0.0
1459604847550,-7.06,7.240000000000001e-07
1459604847560,-7.06,0.0
1459604847570,-7.06,7.240000000000001e-07
1459604847580,-7.06,0.0
1459604847590,-7.06,3.6200000000000004e-07
1459604847600,-7.06,0.0
1459604847610,-7.06,3.6200000000000004e-07
1459604847620,-7.06,0.0
1459604847630,-7.06,1.4480000000000002e-06
1459604847640,-7.06,0.0
1459604847650,-7.06,7.240000000000001e-07
1459604847660,-7.06,0.0
1459604847670,-7.06,1.81e-06
1459604847680,-7.06,0.0
1459604847690,-7.06,0.0
1459604847700,-7.06,0.0
1459604847710,-7.06,0.0
1459604847720,-7.06,0.0
1459604847730,-7.06,1.0859999999999999e-06
1459604847740,-7.06,0.0
1459604847750,-7.06,3.6200000000000004e-07
1459604847760,-7.06,0.0
1459604847770,-7.06,3.6200000000000004e-07
1459604847780,-7.06,0.0
1459604847790,-7.06,1.0859999999999999e-06
1459604847800,-7.06,0.0
1459604847810,-7.06,7.240000000000001e-07
1459604847820,-7.06,0.0
1459604847830,-7.06,1.0859999999999999e-06
1459604847840,-7.06,0.0
1459604847850,-7.06,0.0
1459604847860,-7.06,0.0
1459604847870,-7.06,1.4480000000000002e-06
1459604847880,-7.06,0.0
1459604847890,-7.06,7.240000000000001e-07
1459604847900,-7.06,0.0
1459604847910,-7.06,0.0
1459604847920,-7.06,0.0
1459604847930,-7.06,3.6200000000000004e-07
1459604847940,-7.06,0.0
1459604847950,-7.06,3.6200000000000004e-07
1459604847960,-7.06,0.0
1459604847970,-7.06,1.0859999999999999e-06
1459604847980,-7.06,0.0
1459604847990,-7.06,3.6200000000000004e-07
1459604848000,-7.06,0.0
1459604848010,-7.06,1.0859999999999999e-06
1459604848020,-7.06,0.0
1459604848030,-7.06,1.0859999999999999e-06
1459604848040,-7.06,0.0
1459604848050,-7.06,3.6200000000000004e-07
1459604848060,-7.06,0.0
1459604848070,-7.06,0.0
1459604848080,-7.06,0.0
1459604848090,-7.06,7.240000000000001e-07
1459604848100,-7.06,0.0
1459604848110,-7.06,7.240000000000001e-07
1459604848120,-7.06,0.0
1459604848130,-7.06,3.6200000000000004e-07
1459604848140,-7.06,0.0
1459604848150,-7.06,7.240000000000001e-07
1459604848160,-7.06,0.0
1459604848170,-7.06,3.6200000000000004e-07
1459604848180,-7.06,0.0
1459604848190,-7.06,7.240000000000001e-07
1459604848200,-7.06,0.0
1459604848210,-7.06,3.6200000000000004e-07
1459604848220,-7.06,0.0
1459604848230,-7.06,3.6200000000000004e-07
1459604848240,-7.06,0.0
1459604848250,-7.06,0.0
1459604848260,-7.06,0.0
1459604848270,-7.06,1.4480000000000002e-06
1459604848280,-7.06,0.0
1459604848290,-7.06,0.0
1459604848300,-7.06,0.0
1459604848310,-7.06,7.240000000000001e-07
1459604848320,-7.06,0.0
1459604848330,-7.06,0.0
1459604848340,-7.06,0.0
1459604848350,-7.06,1.0859999999999999e-06
1459604848360,-7.06,0.0
1459604848370,-7.06,7.240000000000001e-07
1459604848380,-7.06,0.0
1459604848390,-7.06,0.0
1459604848400,-7.06,0.0
1459604848410,-7.06,7.240000000000001e-07
1459604848420,-7.06,0.0
1459604848430,-7.06,3.6200000000000004e-07
1459604848440,-7.06,0.0
1459604848450,-7.06,1.0859999999999999e-06
1459604848460,-7.06,0.0
1459604848470,-7.06,7.240000000000001e-07
1459604848480,-7.06,0.0
1459604848490,-7.06,0.0
1459604848500,-7.06,0.0
1459604848510,-7.06,1.0859999999999999e-06
1459604848520,-7.06,0.0
1459604848530,-7.06,3.6200000000000004e-07
1459604848540,-7.06,0.0
1459604848550,-7.06,1.0859999999999999e-06
1459604848560,-7.06,0.0
1459604848570,-7.06,0.0
1459604848580,-7.06,0.0
1459604848590,-7.06,3.6200000000000004e-07
1459604848600,-7.06,0.0
1459604848610,-7.06,1.4480000000000002e-06
1459604848620,-7.06,0.0
1459604848630,-7.06,0.0
1459604848640,-7.06,0.0
1459604848650,-7.06,3.6200000000000004e-07
1459604848660,-7.06,0.0
1459604848670,-7.06,7.240000000000001e-07
1459604848680,-7.06,0.0
1459604848690,-7.06,7.240000000000001e-07
1459604848700,-7.06,0.0
1459604848710,-7.06,7.240000000000001e-07
1459604848720,-7.06,0.0
1459604848730,-7.06,3.6200000000000004e-07
1459604848740,-7.06,0.0
1459604848750,-7.06,1.0859999999999999e-06
1459604848760,-7.06,0.0
1459604848770,-7.06,3.6200000000000004e-07
1459604848830,-7.06,0.0
1459604848840,-7.06,0.0
1459604848850,-7.06,0.0
1459604848860,-7.06,3.6200000000000004e-07
1459604848870,-7.06,0.0
1459604848880,-7.06,1.0859999999999999e-06
1459604848890,-7.06,0.0
1459604848900,-7.06,7.240000000000001e-07
1459604848910,-7.06,0.0
1459604848920,-7.06,1.0859999999999999e-06
1459604848930,-7.06,0.0
1459604848940,-7.06,0.0
1459604848950,-7.06,0.0
1459604848960,-7.06,3.6200000000000004e-07
1459604848970,-7.06,0.0
1459604848980,-7.06,1.0859999999999999e-06
1459604848990,-7.06,0.0
1459604849000,-7.06,3.6200000000000004e-07
1459604849010,-7.06,0.0
1459604849020,-7.06,1.0859999999999999e-06
1459604849030,-7.06,0.0
1459604849040,-7.06,7.240000000000001e-07
1459604849050,-7.06,0.0
1459604849060,-7.06,0.0
1459604849070,-7.06,7.240000000000001e-07
1459604849080,-7.06,0.0
1459604849090,-7.06,0.0
1459604849100,-7.06,0.0
1459604849110,-7.06,1.0859999999999999e-06
1459604849120,-7.06,0.0
1459604849130,-7.06,0.0
1459604849140,-7.06,0.0
1459604849150,-7.06,1.0859999999999999e-06
1459604849160,-7.06,0.0
1459604849170,-7.06,7.240000000000001e-07
1459604849180,-7.06,0.0
1459604849190,-7.06,7.240000000000001e-07
1459604849200,-7.06,0.0
1459604849210,-7.06,1.0859999999999999e-06
1459604849220,-7.06,0.0
1459604849230,-7.06,0.0
1459604849240,-7.06,0.0
1459604849250,-7.06,7.240000000000001e-07
1459604849260,-7.06,0.0
1459604849270,-7.06,7.240000000000001e-07
1459604849280,-7.06,0.0
1459604849290,-7.06,3.6200000000000004e-07
1459604849300,-7.06,0.0
1459604849310,-7.06,3.6200000000000004e-07
1459604849320,-7.06,0.0
1459604849330,-7.06,7.240000000000001e-07
1459604849340,-7.06,0.0
1459604849350,-7.06,7.240000000000001e-07
1459604849360,-7.06,0.0
1459604849370,-7.06,3.6200000000000004e-07
1459604849380,-7.06,0.0
1459604849390,-7.06,7.240000000000001e-07
1459604849400,-7.06,0.0
1459604849410,-7.06,1.4480000000000002e-06
1459604849420,-7.06,0.0
1459604849430,-7.06,3.6200000000000004e-07
1459604849440,-7.06,0.0
1459604849450,-7.06,3.6200000000000004e-07
1459604849460,-7.06,0.0
1459604849470,-7.06,7.240000000000001e-07
1459604849480,-7.06,0.0
1459604849490,-7.06,0.0
1459604849500,-7.06,0.0
1459604849510,-7.06,7.240000000000001e-07
1459604849520,-7.06,0.0
1459604849530,-7.06,3.6200000000000004e-07
1459604849540,-7.06,0.0
1459604849550,-7.06,3.6200000000000004e-07
1459604849560,-7.06,0.0
1459604849570,-7.06,7.240000000000001e-07
1459604849580,-7.06,0.0
1459604849590,-7.06,1.0859999999999999e-06
1459604849600,-7.06,0.0
1459604849610,-7.06,7.240000000000001e-07
1459604849620,-7.06,0.0
1459604849630,-7.06,0.0
1459604849640,-7.06,0.0
1459604849650,-7.06,7.240000000000001e-07
1459604849660,-7.06,0.0
1459604849670,-7.06,1.4480000000000002e-06
1459604849680,-7.06,0.0
1459604849690,-7.06,0.0
1459604849700,-7.06,0.0
1459604849710,-7.06,3.6200000000000004e-07
1459604849720,-7.06,0.0
1459604849730,-7.06,0.0
1459604849740,-7.06,0.0
1459604849750,-7.06,7.240000000000001e-07
1459604849760,-7.06,0.0
1459604849770,-7.06,1.4480000000000002e-06
1459604849780,-7.06,0.0
1459604849790,-7.06,0.0
1459604849800,-7.06,0.0
1459604849810,-7.06,1.0859999999999999e-06
1459604849820,-7.06,0.0
1459604849830,-7.06,3.6200000000000004e-07
1459604849840,-7.06,0.0
1459604849850,-7.06,3.6200000000000004e-07
1459604849860,-7.06,0.0
1459604849870,-7.06,1.0859999999999999e-06
1459604849880,-7.06,0.0
1459604849890,-7.06,1.0859999999999999e-06
1459604849900,-7.06,0.0
1459604849910,-7.06,0.0
1459604849920,-7.06,0.0
1459604849930,-7.06,7.240000000000001e-07
1459604849940,-7.06,0.0
1459604849950,-7.06,3.6200000000000004e-07
1459604849960,-7.06,0.0
1459604849970,-7.06,7.240000000000001e-07
1459604849980,-7.06,0.0
1459604849990,-7.06,3.6200000000000004e-07
1459604850000,-7.06,0.0
1459604850010,-7.06,7.240000000000001e-07
1459604850020,-7.06,0.0
1459604850030,-7.06,1.0859999999999999e-06
1459604850040,-7.06,0.0
1459604850050,-7.06,0.0
1459604850060,-7.06,0.0
1459604850070,-7.06,7.240000000000001e-07
1459604850080,-7.06,0.0
1459604850090,-7.06,1.4480000000000002e-06
1459604850100,-7.06,0.0
1459604850110,-7.06,0.0
1459604850120,-7.06,0.0
1459604850130,-7.06,1.0859999999999999e-06
1459604850140,-7.06,0.0
1459604850150,-7.06,0.0
1459604850160,-7.06,0.0
1459604850170,-7.06,1.0859999999999999e-06
1459604850180,-7.06,0.0
1459604850190,-7.06,7.240000000000001e-07
1459604850200,-7.06,0.0
1459604850210,-7.06,3.6200000000000004e-07
1459604850220,-7.06,0.0
1459604850230,-7.06,1.4480000000000002e-06
1459604850240,-7.06,0.0
1459604850250,-7.06,0.0
1459604850260,-7.06,0.0
1459604850270,-7.06,0.0
1459604850280,-7.06,0.0
1459604850290,-7.06,7.240000000000001e-07
1459604850300,-7.06,0.0
1459604850310,-7.06,7.240000000000001e-07
1459604850320,-7.06,0.0
1459604850330,-7.06,3.6200000000000004e-07
1459604850340,-7.06,0.0
1459604850350,-7.06,3.6200000000000004e-07
1459604850360,-7.06,0.0
1459604850370,-7.06,7.240000000000001e-07
1459604850380,-7.06,0.0
1459604850390,-7.06,1.4480000000000002e-06
1459604850400,-7.06,0.0
1459604850410,-7.06,0.0
1459604850420,-7.06,0.0
1459604850430,-7.06,0.0
1459604850440,-7.06,0.0
1459604850450,-7.06,1.0859999999999999e-06
1459604850460,-7.06,0.0
1459604850470,-7.06,1.0859999999999999e-06
1459604850480,-7.06,0.0
1459604850490,-7.06,0.0
1459604850500,-7.06,0.0
1459604850510,-7.06,3.6200000000000004e-07
1459604850520,-7.06,0.0
1459604850530,-7.06,3.6200000000000004e-07
1459604850540,-7.06,0.0
1459604850550,-7.06,7.240000000000001e-07
1459604850560,-7.06,0.0
1459604850570,-7.06,3.6200000000000004e-07
1459604850580,-7.06,0.0
1459604850590,-7.06,7.240000000000001e-07
1459604850600,-7.06,0.0
1459604850610,-7.06,3.6200000000000004e-07
1459604850620,-7.06,0.0
1459604850630,-7.06,1.0859999999999999e-06
1459604850640,-7.06,0.0
1459604850650,-7.06,7.240000000000001e-07
1459604850660,-7.06,0.0
1459604850670,-7.06,1.0859999999999999e-06
1459604850680,-7.06,0.0
1459604850690,-7.06,3.6200000000000004e-07
1459604850700,-7.06,0.0
1459604850710,-7.06,0.0
1459604850720,-7.06,0.0
1459604850730,-7.06,7.240000000000001e-07
1459604850740,-7.06,0.0
1459604850750,-7.06,7.240000000000001e-07
1459604850760,-7.06,0.0
1459604850770,-7.06,7.240000000000001e-07
1459604850780,-7.06,0.0
1459604850790,-7.06,7.240000000000001e-07
1459604850800,-7.06,0.0
1459604850810,-7.06,1.0859999999999999e-06
1459604850820,-7.06,0.0
1459604850830,-7.06,3.6200000000000004e-07
1459604850840,-7.06,0.0
1459604850850,-7.06,3.6200000000000004e-07
1459604850860,-7.06,0.0
1459604850870,-7.06,3.6200000000000004e-07
1459604850880,-7.06,0.0
1459604850890,-7.06,1.4480000000000002e-06
1459604850900,-7.06,0.0
1459604850910,-7.06,0.0
1459604850920,-7.06,0.0
1459604850930,-7.06,0.0
1459604850940,-7.06,0.0
1459604850950,-7.06,1.4480000000000002e-06
1459604850960,-7.06,0.0
1459604850970,-7.06,3.6200000000000004e-07
1459604850980,-7.06,0.0
1459604850990,-7.06,0.0
1459604851000,-7.06,0.0
1459604851010,-7.06,1.0859999999999999e-06
1459604851020,-7.06,0.0
1459604851030,-7.06,1.4480000000000002e-06
1459604851040,-7.06,0.0
1459604851050,-7.06,3.6200000000000004e-07
1459604851060,-7.06,0.0
1459604851070,-7.06,1.0859999999999999e-06
1459604851080,-7.06,0.0
1459604851090,-7.06,0.0
1459604851100,-7.06,0.0
1459604851110,-7.06,7.240000000000001e-07
1459604851120,-7.06,0.0
1459604851130,-7.06,3.6200000000000004e-07
1459604851140,-7.06,0.0
1459604851150,-7.06,3.6200000000000004e-07
1459604851160,-7.06,0.0
1459604851170,-7.06,1.0859999999999999e-06
1459604851180,-7.06,0.0
1459604851190,-7.06,7.240000000000001e-07
1459604851200,-7.06,0.0
1459604851210,-7.06,3.6200000000000004e-07
1459604851220,-7.06,0.0
1459604851230,-7.06,0.0
1459604851240,-7.06,0.0
1459604851250,-7.06,1.0859999999999999e-06
1459604851260,-7.06,0.0
1459604851270,-7.06,7.240000000000001e-07
1459604851280,-7.06,0.0
1459604851290,-7.06,3.6200000000000004e-07
1459604851300,-7.06,0.0
1459604851310,-7.06,1.0859999999999999e-06
1459604851320,-7.06,0.0
1459604851330,-7.06,0.0
1459604851340,-7.06,0.0
1459604851350,-7.06,7.240000000000001e-07
1459604851360,-7.06,0.0
1459604851370,-7.06,7.240000000000001e-07
1459604851380,-7.06,0.0
1459604851390,-7.06,1.4480000000000002e-06
1459604851400,-7.06,0.0
1459604851410,-7.06,3.6200000000000004e-07
1459604851420,-7.06,0.0
1459604851430,-7.06,3.6200000000000004e-07
1459604851440,-7.06,0.0
1459604851450,-7.06,3.6200000000000004e-07
1459604851460,-7.06,0.0
1459604851470,-7.06,7.240000000000001e-07
1459604851480,-7.06,0.0
1459604851490,-7.06,1.0859999999999999e-06
1459604851500,-7.06,0.0
1459604851510,-7.06,0.0
1459604851520,-7.06,0.0
1459604851530,-7.06,1.0859999999999999e-06
1459604851540,-7.06,0.0
1459604851550,-7.06,0.0
1459604851560,-7.06,0.0
1459604851570,-7.06,7.240000000000001e-07
1459604851580,-7.06,0.0
1459604851590,-7.06,1.4480000000000002e-06
1459604851600,-7.06,0.0
1459604851610,-7.06,1.4480000000000002e-06
1459604851620,-7.06,0.0
1459604851630,-7.06,0.0
1459604851640,-7.06,0.0
1459604851650,-7.06,7.240000000000001e-07
1459604851660,-7.06,0.0
1459604851670,-7.06,0.0
1459604851680,-7.06,0.0
1459604851690,-7.06,1.4480000000000002e-06
1459604851700,-7.06,0.0
1459604851710,-7.06,3.6200000000000004e-07
1459604851720,-7.06,0.0
1459604851730,-7.06,3.6200000000000004e-07
1459604851740,-7.06,0.0
1459604851750,-7.06,1.0859999999999999e-06
1459604851760,-7.06,0.0
1459604851770,-7.06,1.4480000000000002e-06
1459604851780,-7.06,0.0
1459604851790,-7.06,0.0
1459604851800,-7.06,0.0
1459604851810,-7.06,7.240000000000001e-07
1459604851820,-7.06,0.0
1459604851830,-7.06,0.0
1459604851840,-7.06,0.0
1459604851850,-7.06,1.4480000000000002e-06
1459604851860,-7.06,0.0
1459604851870,-7.06,3.6200000000000004e-07
1459604851880,-7.06,0.0
1459604851890,-7.06,3.6200000000000004e-07
1459604851900,-7.06,0.0
1459604851910,-7.06,1.0859999999999999e-06
1459604851920,-7.06,0.0
1459604851930,-7.06,3.6200000000000004e-07
1459604851940,-7.06,0.0
1459604851950,-7.06,7.240000000000001e-07
1459604851960,-7.06,0.0
1459604851970,-7.06,1.4480000000000002e-06
1459604851980,-7.06,0.0
1459604851990,-7.06,0.0
1459604852000,-7.06,0.0
1459604852010,-7.06,1.0859999999999999e-06
1459604852020,-7.06,0.0
1459604852030,-7.06,3.6200000000000004e-07
1459604852040,-7.06,0.0
1459604852050,-7.06,3.6200000000000004e-07
1459604852060,-7.06,0.0
1459604852070,-7.06,3.6200000000000004e-07
1459604852080,-7.06,0.0
1459604852090,-7.06,1.0859999999999999e-06
1459604852100,-7.06,0.0
1459604852110,-7.06,1.0859999999999999e-06
1459604852120,-7.06,0.0
1459604852130,-7.06,0.0
1459604852140,-7.06,0.0
1459604852150,-7.06,7.240000000000001e-07
1459604852160,-7.06,0.0
1459604852170,-7.06,1.0859999999999999e-06
1459604852180,-7.06,0.0
1459604852190,-7.06,0.0
1459604852200,-7.06,0.0
1459604852210,-7.06,1.0859999999999999e-06
1459604852220,-7.06,0.0
1459604852230,-7.06,0.0
1459604852240,-7.06,0.0
1459604852250,-7.06,7.240000000000001e-07
1459604852260,-7.06,0.0
1459604852270,-7.06,3.6200000000000004e-07
1459604852280,-7.06,0.0
1459604852290,-7.06,7.240000000000001e-07
1459604852300,-7.06,0.0
1459604852310,-7.06,3.6200000000000004e-07
1459604852320,-7.06,0.0
1459604852330,-7.06,1.0859999999999999e-06
1459604852340,-7.06,0.0
1459604852350,-7.06,1.0859999999999999e-06
1459604852360,-7.06,0.0
1459604852370,-7.06,0.0
1459604852380,-7.06,0.0
1459604852390,-7.06,7.240000000000001e-07
1459604852400,-7.06,0.0
1459604852410,-7.06,7.240000000000001e-07
1459604852420,-7.06,0.0
1459604852430,-7.06,7.240000000000001e-07
1459604852440,-7.06,0.0
1459604852450,-7.06,0.0
1459604852460,-7.06,0.0
1459604852470,-7.06,7.240000000000001e-07
1459604852480,-7.06,0.0
1459604852490,-7.06,1.4480000000000002e-06
1459604852500,-7.06,0.0
1459604852510,-7.06,1.0859999999999999e-06
1459604852520,-7.06,0.0
1459604852530,-7.06,0.0
1459604852540,-7.06,0.0
1459604852550,-7.06,3.6200000000000004e-07
1459604852560,-7.06,0.0
1459604852570,-7.06,1.0859999999999999e-06
1459604852580,-7.06,0.0
1459604852590,-7.06,3.6200000000000004e-07
1459604852600,-7.06,0.0
1459604852610,-7.06,0.0
1459604852620,-7.06,0.0
1459604852630,-7.06,7.240000000000001e-07
1459604852640,-7.06,0.0
1459604852650,-7.06,7.240000000000001e-07
1459604852660,-7.06,0.0
1459604852670,-7.06,7.240000000000001e-07
1459604852680,-7.06,0.0
1459604852690,-7.06,3.6200000000000004e-07
1459604852700,-7.06,0.0
1459604852710,-7.06,1.0859999999999999e-06
1459604852720,-7.06,0.0
1459604852730,-7.06,0.0
1459604852740,-7.06,0.0
1459604852750,-7.06,3.6200000000000004e-07
1459604852760,-7.06,0.0
1459604852770,-7.06,7.240000000000001e-07
1459604852780,-7.06,0.0
1459604852790,-7.06,1.0859999999999999e-06
1459604852800,-7.06,0.0
1459604852810,-7.06,3.6200000000000004e-07
1459604852820,-7.06,0.0
1459604852830,-7.06,3.6200000000000004e-07
1459604852840,-7.06,0.0
1459604852850,-7.06,3.62e-06
1459604852860,-7.06,0.0
1459604852870,-7.06,0.0
1459604852880,-7.06,0.0
1459604852890,-7.06,7.240000000000001e-07
1459604852900,-7.06,0.0
1459604852910,-7.06,7.240000000000001e-07
1459604852920,-7.06,0.0
1459604852930,-7.06,0.0
1459604852940,-7.06,0.0
1459604852950,-7.06,7.240000000000001e-07
1459604852960,-7.06,0.0
1459604852970,-7.06,1.0859999999999999e-06
1459604852980,-7.06,0.0
1459604852990,-7.06,7.240000000000001e-07
1459604853000,-7.06,0.0
1459604853010,-7.06,3.6200000000000004e-07
1459604853020,-7.06,0.0
1459604853030,-7.06,3.6200000000000004e-07
1459604853040,-7.06,0.0
1459604853050,-7.06,3.6200000000000004e-07
1459604853060,-7.06,0.0
1459604853070,-7.06,1.0859999999999999e-06
1459604853080,-7.06,0.0
1459604853090,-7.06,1.4480000000000002e-06
1459604853100,-7.06,0.0
1459604853110,-7.06,3.6200000000000004e-07
1459604853120,-7.06,0.0
1459604853130,-7.06,3.6200000000000004e-07
1459604853140,-7.06,0.0
1459604853150,-7.06,3.6200000000000004e-07
1459604853160,-7.06,0.0
1459604853170,-7.06,1.4480000000000002e-06
1459604853180,-7.06,0.0
1459604853190,-7.06,3.6200000000000004e-07
1459604853200,-7.06,0.0
1459604853210,-7.06,7.240000000000001e-07
1459604853220,-7.06,0.0
1459604853230,-7.06,3.6200000000000004e-07
1459604853240,-7.06,0.0
1459604853250,-7.06,1.0859999999999999e-06
1459604853260,-7.06,0.0
1459604853270,-7.06,7.240000000000001e-07
1459604853280,-7.06,0.0
1459604853290,-7.06,3.6200000000000004e-07
1459604853300,-7.06,0.0
1459604853310,-7.06,1.4480000000000002e-06
1459604853320,-7.06,0.0
1459604853330,-7.06,0.0
1459604853340,-7.06,0.0
1459604853350,-7.06,3.6200000000000004e-07
1459604853360,-7.06,0.0
1459604853370,-7.06,7.240000000000001e-07
1459604853380,-7.06,0.0
1459604853390,-7.06,3.6200000000000004e-07
1459604853400,-7.06,0.0
1459604853410,-7.06,0.0
1459604853420,-7.06,0.0
1459604853430,-7.06,1.0859999999999999e-06
1459604853440,-7.06,0.0
1459604853450,-7.06,7.240000000000001e-07
1459604853460,-7.06,0.0
1459604853470,-7.06,3.6200000000000004e-07
1459604853480,-7.06,0.0
1459604853490,-7.06,1.0859999999999999e-06
1459604853500,-7.06,0.0
1459604853510,-7.06,0.0
1459604853520,-7.06,0.0
1459604853530,-7.06,7.240000000000001e-07
1459604853540,-7.06,0.0
1459604853550,-7.06,7.240000000000001e-07
1459604853560,-7.06,0.0
1459604853570,-7.06,0.0
1459604853580,-7.06,0.0
1459604853590,-7.06,7.240000000000001e-07
1459604853600,-7.06,0.0
1459604853610,-7.06,3.6200000000000004e-07
1459604853620,-7.06,0.0
1459604853630,-7.06,7.240000000000001e-07
1459604853640,-7.06,0.0
1459604853650,-7.06,3.6200000000000004e-07
1459604853660,-7.06,0.0
1459604853670,-7.06,3.6200000000000004e-07
1459604853680,-7.06,0.0
1459604853690,-7.06,7.240000000000001e-07
1459604853700,-7.06,0.0
1459604853710,-7.06,0.0
1459604853720,-7.06,0.0
1459604853730,-7.06,7.240000000000001e-07
1459604853740,-7.06,0.0
1459604853750,-7.06,1.4480000000000002e-06
1459604853760,-7.06,0.0
1459604853770,-7.06,0.0
1459604853780,-7.06,0.0
1459604853790,-7.06,3.6200000000000004e-07
1459604853800,-7.06,0.0
1459604853810,-7.06,7.240000000000001e-07
1459604853820,-7.06,0.0
1459604853830,-7.06,0.0
1459604853840,-7.06,0.0
1459604853850,-7.06,1.0859999999999999e-06
1459604853860,-7.06,0.0
1459604853870,-7.06,1.0859999999999999e-06
1459604853880,-7.06,0.0
1459604853890,-7.06,1.0859999999999999e-06
1459604853900,-7.06,0.0
1459604853910,-7.06,0.0
1459604853920,-7.06,0.0
1459604853930,-7.06,3.6200000000000004e-07
1459604853940,-7.06,0.0
1459604853950,-7.06,7.240000000000001e-07
1459604853960,-7.06,0.0
1459604853970,-7.06,7.240000000000001e-07
1459604853980,-7.06,0.0
1459604853990,-7.06,0.0
1459604854000,-7.06,0.0
1459604854010,-7.06,0.0
1459604854020,-7.06,0.0
1459604854030,-7.06,1.4480000000000002e-06
1459604854040,-7.06,0.0
1459604854050,-7.06,3.6200000000000004e-07
1459604854060,-7.06,0.0
1459604854070,-7.06,3.6200000000000004e-07
1459604854080,-7.06,0.0
1459604854090,-7.06,1.4480000000000002e-06
1459604854100,-7.06,0.0
1459604854110,-7.06,3.6200000000000004e-07
1459604854120,-7.06,0.0
1459604854130,-7.06,3.6200000000000004e-07
1459604854140,-7.06,0.0
1459604854150,-7.06,0.0
1459604854160,-7.06,0.0
1459604854170,-7.06,1.0859999999999999e-06
1459604854180,-7.06,0.0
1459604854190,-7.06,7.240000000000001e-07
1459604854200,-7.06,0.0
1459604854210,-7.06,7.240000000000001e-07
1459604854220,-7.06,0.0
1459604854230,-7.06,0.0
1459604854240,-7.06,0.0
1459604854250,-7.06,3.6200000000000004e-07
1459604854260,-7.06,0.0
1459604854270,-7.06,3.6200000000000004e-07
1459604854280,-7.06,0.0
1459604854290,-7.06,1.0859999999999999e-06
1459604854300,-7.06,0.0
1459604854310,-7.06,0.0
1459604854320,-7.06,0.0
1459604854330,-7.06,7.240000000000001e-07
1459604854340,-7.06,0.0
1459604854350,-7.06,3.6200000000000004e-07
1459604854360,-7.06,0.0
1459604854370,-7.06,3.6200000000000004e-07
1459604854380,-7.06,0.0
1459604854390,-7.06,7.240000000000001e-07
1459604854400,-7.06,0.0
1459604854410,-7.06,7.240000000000001e-07
1459604854420,-7.06,0.0
1459604854430,-7.06,3.6200000000000004e-07
1459604854440,-7.06,0.0
1459604854450,-7.06,7.240000000000001e-07
1459604854460,-7.06,0.0
1459604854470,-7.06,7.240000000000001e-07
1459604854480,-7.06,0.0
1459604854490,-7.06,3.6200000000000004e-07
1459604854500,-7.06,0.0
1459604854510,-7.06,1.0859999999999999e-06
1459604854520,-7.06,0.0
1459604854530,-7.06,7.240000000000001e-07
1459604854540,-7.06,0.0
1459604854550,-7.06,1.0859999999999999e-06
1459604854560,-7.06,0.0
1459604854570,-7.06,0.0
1459604854580,-7.06,0.0
1459604854590,-7.06,3.6200000000000004e-07
1459604854600,-7.06,0.0
1459604854610,-7.06,3.6200000000000004e-07
1459604854620,-7.06,0.0
1459604854630,-7.06,0.0
1459604854640,-7.06,0.0
1459604854650,-7.06,7.240000000000001e-07
1459604854660,-7.06,0.0
1459604854670,-7.06,1.0859999999999999e-06
1459604854680,-7.06,0.0
1459604854690,-7.06,7.240000000000001e-07
1459604854700,-7.06,0.0
1459604854710,-7.06,3.6200000000000004e-07
1459604854720,-7.06,0.0
1459604854730,-7.06,3.6200000000000004e-07
1459604854740,-7.06,0.0
1459604854750,-7.06,3.6200000000000004e-07
1459604854760,-7.06,0.0
1459604854770,-7.06,1.0859999999999999e-06
1459604854780,-7.06,0.0
1459604854790,-7.06,3.6200000000000004e-07
1459604854800,-7.06,0.0
1459604854810,-7.06,7.240000000000001e-07
1459604854820,-7.06,0.0
1459604854830,-7.06,7.240000000000001e-07
1459604854840,-7.06,0.0
1459604854850,-7.06,7.240000000000001e-07
1459604854860,-7.06,0.0
1459604854870,-7.06,7.240000000000001e-07
1459604854880,-7.06,0.0
1459604854890,-7.06,7.240000000000001e-07
1459604854900,-7.06,0.0
1459604854910,-7.06,3.6200000000000004e-07
1459604854920,-7.06,0.0
1459604854930,-7.06,3.6200000000000004e-07
1459604854940,-7.06,0.0
1459604854950,-7.06,3.6200000000000004e-07
1459604854960,-7.06,0.0
1459604854970,-7.06,3.6200000000000004e-07
1459604854980,-7.06,0.0
1459604854990,-7.06,7.240000000000001e-07
1459604855000,-7.06,0.0
1459604855010,-7.06,0.0
1459604855020,-7.06,0.0
1459604855030,-7.06,7.240000000000001e-07
1459604855040,-7.06,0.0
1459604855050,-7.06,1.0859999999999999e-06
1459604855060,-7.06,0.0
1459604855070,-7.06,3.6200000000000004e-07
1459604855080,-7.06,0.0
1459604855090,-7.06,3.6200000000000004e-07
1459604855100,-7.06,0.0
1459604855110,-7.06,1.0859999999999999e-06
1459604855120,-7.06,0.0
1459604855130,-7.06,1.0859999999999999e-06
1459604855140,-7.06,0.0
1459604855150,-7.06,3.6200000000000004e-07
1459604855160,-7.06,0.0
1459604855170,-7.06,3.6200000000000004e-07
1459604855180,-7.06,0.0
1459604855190,-7.06,3.6200000000000004e-07
1459604855200,-7.06,0.0
1459604855210,-7.06,0.0
1459604855220,-7.06,0.0
1459604855230,-7.06,7.240000000000001e-07
1459604855240,-7.06,0.0
1459604855250,-7.06,7.240000000000001e-07
1459604855260,-7.06,0.0
1459604855270,-7.06,7.240000000000001e-07
1459604855280,-7.06,0.0
1459604855290,-7.06,0.0
1459604855300,-7.06,0.0
1459604855310,-7.06,3.6200000000000004e-07
1459604855320,-7.06,0.0
1459604855330,-7.06,1.0859999999999999e-06
1459604855340,-7.06,0.0
1459604855350,-7.06,0.0
1459604855360,-7.06,0.0
1459604855370,-7.06,1.0859999999999999e-06
1459604855380,-7.06,0.0
1459604855390,-7.06,3.6200000000000004e-07
1459604855400,-7.06,0.0
1459604855410,-7.06,7.240000000000001e-07
1459604855420,-7.06,0.0
1459604855430,-7.06,3.6200000000000004e-07
1459604855440,-7.06,0.0
1459604855450,-7.06,7.240000000000001e-07
1459604855460,-7.06,0.0
1459604855470,-7.06,1.0859999999999999e-06
1459604855480,-7.06,0.0
1459604855490,-7.06,3.6200000000000004e-07
1459604855500,-7.06,0.0
1459604855510,-7.06,7.240000000000001e-07
1459604855520,-7.06,0.0
1459604855530,-7.06,1.0859999999999999e-06
1459604855540,-7.06,0.0
1459604855550,-7.06,3.6200000000000004e-07
1459604855560,-7.06,0.0
1459604855570,-7.06,1.0859999999999999e-06
1459604855580,-7.06,0.0
1459604855590,-7.06,0.0
1459604855600,-7.06,0.0
1459604855610,-7.06,7.240000000000001e-07
1459604855620,-7.06,0.0
1459604855630,-7.06,7.240000000000001e-07
1459604855640,-7.06,0.0
1459604855650,-7.06,3.6200000000000004e-07
1459604855660,-7.06,0.0
1459604855670,-7.06,3.6200000000000004e-07
1459604855680,-7.06,0.0
1459604855690,-7.06,7.240000000000001e-07
1459604855700,-7.06,0.0
1459604855710,-7.06,1.0859999999999999e-06
1459604855720,-7.06,0.0
1459604855730,-7.06,7.240000000000001e-07
1459604855740,-7.06,0.0
1459604855750,-7.06,3.6200000000000004e-07
1459604855760,-7.06,0.0
1459604855770,-7.06,1.4480000000000002e-06
1459604855780,-7.06,0.0
1459604855790,-7.06,3.6200000000000004e-07
1459604855800,-7.06,0.0
1459604855810,-7.06,7.240000000000001e-07
1459604855820,-7.06,0.0
1459604855830,-7.06,1.0859999999999999e-06
1459604855840,-7.06,0.0
1459604855850,-7.06,0.0
1459604855860,-7.06,0.0
1459604855870,-7.06,7.240000000000001e-07
1459604855880,-7.06,0.0
1459604855890,-7.06,3.6200000000000004e-07
1459604855900,-7.06,0.0
1459604855910,-7.06,0.0
1459604855920,-7.06,0.0
1459604855930,-7.06,1.0859999999999999e-06
1459604855940,-7.06,0.0
1459604855950,-7.06,7.240000000000001e-07
1459604855960,-7.06,0.0
1459604855970,-7.06,7.240000000000001e-07
1459604855980,-7.06,0.0
1459604855990,-7.06,3.6200000000000004e-07
1459604856000,-7.06,0.0
1459604856010,-7.06,3.6200000000000004e-07
1459604856020,-7.06,0.0
1459604856030,-7.06,7.240000000000001e-07
1459604856040,-7.06,0.0
1459604856050,-7.06,7.240000000000001e-07
1459604856060,-7.06,0.0
1459604856070,-7.06,3.6200000000000004e-07
1459604856080,-7.06,0.0
1459604856090,-7.06,7.240000000000001e-07
1459604856100,-7.06,0.0
1459604856110,-7.06,1.4480000000000002e-06
1459604856120,-7.06,0.0
1459604856130,-7.06,0.0
1459604856140,-7.06,0.0
1459604856150,-7.06,7.240000000000001e-07
1459604856160,-7.06,0.0
1459604856170,-7.06,7.240000000000001e-07
1459604856180,-7.06,0.0
1459604856190,-7.06,7.240000000000001e-07
1459604856200,-7.06,0.0
1459604856210,-7.06,3.6200000000000004e-07
1459604856220,-7.06,0.0
1459604856230,-7.06,7.240000000000001e-07
1459604856240,-7.06,0.0
1459604856250,-7.06,0.0
1459604856260,-7.06,0.0
1459604856270,-7.06,1.0859999999999999e-06
1459604856280,-7.06,0.0
1459604856290,-7.06,7.240000000000001e-07
1459604856300,-7.06,0.0
1459604856310,-7.06,7.240000000000001e-07
1459604856320,-7.06,0.0
1459604856330,-7.06,0.0
1459604856340,-7.06,0.0
1459604856350,-7.06,7.240000000000001e-07
1459604856360,-7.06,0.0
1459604856370,-7.06,7.240000000000001e-07
1459604856380,-7.06,0.0
1459604856390,-7.06,0.0
1459604856400,-7.06,0.0
1459604856410,-7.06,7.240000000000001e-07
1459604856420,-7.06,0.0
1459604856430,-7.06,7.240000000000001e-07
1459604856440,-7.06,0.0
1459604856450,-7.06,0.0
1459604856460,-7.06,0.0
1459604856470,-7.06,7.240000000000001e-07
1459604856480,-7.06,0.0
1459604856490,-7.06,3.6200000000000004e-07
1459604856500,-7.06,0.0
1459604856510,-7.06,1.4480000000000002e-06
1459604856520,-7.06,0.0
1459604856530,-7.06,3.6200000000000004e-07
1459604856540,-7.06,0.0
1459604856550,-7.06,3.6200000000000004e-07
1459604856560,-7.06,0.0
1459604856570,-7.06,7.240000000000001e-07
1459604856580,-7.06,0.0
1459604856590,-7.06,3.6200000000000004e-07
1459604856600,-7.06,0.0
1459604856610,-7.06,7.240000000000001e-07
1459604856620,-7.06,0.0
1459604856630,-7.06,3.6200000000000004e-07
1459604856640,-7.06,0.0
1459604856650,-7.06,1.0859999999999999e-06
1459604856660,-7.06,0.0
1459604856670,-7.06,7.240000000000001e-07
1459604856680,-7.06,0.0
1459604856690,-7.06,3.6200000000000004e-07
1459604856700,-7.06,0.0
1459604856710,-7.06,1.0859999999999999e-06
1459604856720,-7.06,0.0
1459604856730,-7.06,7.240000000000001e-07
1459604856740,-7.06,0.0
1459604856750,-7.06,1.0859999999999999e-06
1459604856760,-7.06,0.0
1459604856770,-7.06,3.6200000000000004e-07
1459604856780,-7.06,0.0
1459604856790,-7.06,7.240000000000001e-07
1459604856800,-7.06,0.0
1459604856810,-7.06,3.6200000000000004e-07
1459604856820,-7.06,0.0
1459604856830,-7.06,0.0
1459604856840,-7.06,0.0
1459604856850,-7.06,1.0859999999999999e-06
1459604856860,-7.06,0.0
1459604856870,-7.06,1.0859999999999999e-06
1459604856880,-7.06,0.0
1459604856890,-7.06,7.240000000000001e-07
1459604856900,-7.06,0.0
1459604856910,-7.06,0.0
1459604856920,-7.06,0.0
1459604856930,-7.06,3.6200000000000004e-07
1459604856940,-7.06,0.0
1459604856950,-7.06,1.4480000000000002e-06
1459604856960,-7.06,0.0
1459604856970,-7.06,1.4480000000000002e-06
1459604856980,-7.06,0.0
1459604856990,-7.06,0.0
1459604857000,-7.06,0.0
1459604857010,-7.06,3.6200000000000004e-07
1459604857020,-7.06,0.0
1459604857030,-7.06,1.0859999999999999e-06
1459604857040,-7.06,0.0
1459604857050,-7.06,7.240000000000001e-07
1459604857060,-7.06,0.0
1459604857070,-7.06,3.6200000000000004e-07
1459604857080,-7.06,0.0
1459604857090,-7.06,3.6200000000000004e-07
1459604857100,-7.06,0.0
1459604857110,-7.06,1.0859999999999999e-06
1459604857120,-7.06,0.0
1459604857130,-7.06,3.6200000000000004e-07
1459604857140,-7.06,0.0
1459604857150,-7.06,3.6200000000000004e-07
1459604857160,-7.06,0.0
1459604857170,-7.06,1.0859999999999999e-06
1459604857180,-7.06,0.0
1459604857190,-7.06,1.0859999999999999e-06
1459604857200,-7.06,0.0
1459604857210,-7.06,0.0
1459604857220,-7.06,0.0
1459604857230,-7.06,7.240000000000001e-07
1459604857240,-7.06,0.0
1459604857250,-7.06,1.0859999999999999e-06
1459604857260,-7.06,0.0
1459604857270,-7.06,1.0859999999999999e-06
1459604857280,-7.06,0.0
1459604857290,-7.06,7.240000000000001e-07
1459604857300,-7.06,0.0
1459604857310,-7.06,0.0
1459604857320,-7.06,0.0
1459604857330,-7.06,7.240000000000001e-07
1459604857340,-7.06,0.0
1459604857350,-7.06,3.6200000000000004e-07
1459604857360,-7.06,0.0
1459604857370,-7.06,7.240000000000001e-07
1459604857380,-7.06,0.0
1459604857390,-7.06,7.240000000000001e-07
1459604857400,-7.06,0.0
1459604857410,-7.06,3.6200000000000004e-07
1459604857420,-7.06,0.0
1459604857430,-7.06,0.0
1459604857440,-7.06,0.0
1459604857450,-7.06,1.0859999999999999e-06
1459604857460,-7.06,0.0
1459604857470,-7.06,7.240000000000001e-07
1459604857480,-7.06,0.0
1459604857490,-7.06,7.240000000000001e-07
1459604857500,-7.06,0.0
1459604857510,-7.06,7.240000000000001e-07
1459604857520,-7.06,0.0
1459604857530,-7.06,3.6200000000000004e-07
1459604857540,-7.06,0.0
1459604857550,-7.06,1.4480000000000002e-06
1459604857560,-7.06,0.0
1459604857570,-7.06,3.6200000000000004e-07
1459604857580,-7.06,0.0
1459604857590,-7.06,3.6200000000000004e-07
1459604857600,-7.06,0.0
1459604857610,-7.06,3.6200000000000004e-07
1459604857620,-7.06,0.0
1459604857630,-7.06,1.4480000000000002e-06
1459604857640,-7.06,0.0
1459604857650,-7.06,3.6200000000000004e-07
1459604857660,-7.06,0.0
1459604857670,-7.06,1.0859999999999999e-06
1459604857680,-7.06,0.0
1459604857690,-7.06,0.0
1459604857700,-7.06,0.0
1459604857710,-7.06,7.240000000000001e-07
1459604857720,-7.06,0.0
1459604857730,-7.06,1.0859999999999999e-06
1459604857740,-7.06,0.0
1459604857750,-7.06,0.0
1459604857760,-7.06,0.0
1459604857770,-7.06,1.0859999999999999e-06
1459604857780,-7.06,0.0
1459604857790,-7.06,7.240000000000001e-07
1459604857800,-7.06,0.0
1459604857810,-7.06,3.6200000000000004e-07
1459604857820,-7.06,0.0
1459604857830,-7.06,7.240000000000001e-07
1459604857840,-7.06,0.0
1459604857850,-7.06,0.0
1459604857860,-7.06,0.0
1459604857870,-7.06,3.6200000000000004e-07
1459604857880,-7.06,0.0
1459604857890,-7.06,1.0859999999999999e-06
1459604857900,-7.06,0.0
1459604857910,-7.06,0.0
1459604857920,-7.06,0.0
1459604857930,-7.06,3.6200000000000004e-07
1459604857940,-7.06,0.0
1459604857950,-7.06,1.0859999999999999e-06
1459604857960,-7.06,0.0
1459604857970,-7.06,3.6200000000000004e-07
1459604857980,-7.06,0.0
1459604857990,-7.06,3.6200000000000004e-07
1459604858000,-7.06,0.0
1459604858010,-7.06,7.240000000000001e-07
1459604858020,-7.06,0.0
1459604858030,-7.06,3.6200000000000004e-07
1459604858040,-7.06,0.0
1459604858050,-7.06,1.0859999999999999e-06
1459604858060,-7.06,0.0
1459604858070,-7.06,3.6200000000000004e-07
1459604858080,-7.06,0.0
1459604858090,-7.06,1.0859999999999999e-06
1459604858100,-7.06,0.0
1459604858110,-7.06,3.6200000000000004e-07
1459604858120,-7.06,0.0
1459604858130,-7.06,3.6200000000000004e-07
1459604858140,-7.06,0.0
1459604858150,-7.06,3.6200000000000004e-07
1459604858160,-7.06,0.0
1459604858170,-7.06,7.240000000000001e-07
1459604858180,-7.06,0.0
1459604858190,-7.06,3.6200000000000004e-07
1459604858200,-7.06,0.0
1459604858210,-7.06,7.240000000000001e-07
1459604858220,-7.06,0.0
1459604858230,-7.06,3.6200000000000004e-07
1459604858240,-7.06,0.0
1459604858250,-7.06,7.240000000000001e-07
1459604858260,-7.06,0.0
1459604858270,-7.06,1.0859999999999999e-06
1459604858280,-7.06,0.0
1459604858290,-7.06,3.6200000000000004e-07
1459604858300,-7.06,0.0
1459604858310,-7.06,3.6200000000000004e-07
1459604858320,-7.06,0.0
1459604858330,-7.06,0.0
1459604858340,-7.06,0.0
1459604858350,-7.06,1.0859999999999999e-06
1459604858360,-7.06,0.0
1459604858370,-7.06,1.0859999999999999e-06
1459604858380,-7.06,0.0
1459604858390,-7.06,1.4480000000000002e-06
1459604858400,-7.06,0.0
1459604858410,-7.06,0.0
1459604858420,-7.06,0.0
1459604858430,-7.06,0.0
1459604858440,-7.06,0.0
1459604858450,-7.06,1.0859999999999999e-06
1459604858460,-7.06,0.0
1459604858470,-7.06,1.0859999999999999e-06
1459604858480,-7.06,0.0
1459604858490,-7.06,7.240000000000001e-07
1459604858500,-7.06,0.0
1459604858510,-7.06,0.0
1459604858520,-7.06,0.0
1459604858530,-7.06,7.240000000000001e-07
1459604858540,-7.06,0.0
1459604858550,-7.06,3.6200000000000004e-07
1459604858560,-7.06,0.0
1459604858570,-7.06,7.240000000000001e-07
1459604858580,-7.06,0.0
1459604858590,-7.06,7.240000000000001e-07
1459604858600,-7.06,0.0
1459604858610,-7.06,1.0859999999999999e-06
1459604858620,-7.06,0.0
1459604858630,-7.06,3.6200000000000004e-07
1459604858640,-7.06,0.0
1459604858650,-7.06,0.0
1459604858660,-7.06,0.0
1459604858670,-7.06,1.0859999999999999e-06
1459604858680,-7.06,0.0
1459604858690,-7.06,3.6200000000000004e-07
1459604858700,-7.06,0.0
1459604858710,-7.06,3.6200000000000004e-07
1459604858720,-7.06,0.0
1459604858730,-7.06,3.6200000000000004e-07
1459604858740,-7.06,0.0
1459604858750,-7.06,7.240000000000001e-07
1459604858760,-7.06,0.0
1459604858770,-7.06,1.0859999999999999e-06
1459604858780,-7.06,0.0
1459604858790,-7.06,3.6200000000000004e-07
1459604858800,-7.06,0.0
1459604858810,-7.06,0.0
1459604858820,-7.06,0.0
1459604858830,-7.06,7.240000000000001e-07
1459604858840,-7.06,0.0
1459604858850,-7.06,3.6200000000000004e-07
1459604858860,-7.06,0.0
1459604858870,-7.06,1.4480000000000002e-06
1459604858880,-7.06,0.0
1459604858890,-7.06,7.240000000000001e-07
1459604858900,-7.06,0.0
1459604858910,-7.06,7.240000000000001e-07
1459604858920,-7.06,0.0
1459604858930,-7.06,3.6200000000000004e-07
1459604858940,-7.06,0.0
1459604858950,-7.06,1.0859999999999999e-06
1459604858960,-7.06,0.0
1459604858970,-7.06,3.6200000000000004e-07
1459604858980,-7.06,0.0
1459604858990,-7.06,7.240000000000001e-07
1459604859000,-7.06,0.0
1459604859010,-7.06,3.6200000000000004e-07
1459604859020,-7.06,0.0
1459604859030,-7.06,7.240000000000001e-07
1459604859040,-7.06,0.0
1459604859050,-7.06,3.6200000000000004e-07
1459604859060,-7.06,0.0
1459604859070,-7.06,7.240000000000001e-07
1459604859080,-7.06,0.0
1459604859090,-7.06,7.240000000000001e-07
1459604859100,-7.06,0.0
1459604859110,-7.06,1.4480000000000002e-06
1459604859120,-7.06,0.0
1459604859130,-7.06,0.0
1459604859140,-7.06,0.0
1459604859150,-7.06,3.6200000000000004e-07
1459604859160,-7.06,0.0
1459604859170,-7.06,7.240000000000001e-07
1459604859180,-7.06,0.0
1459604859190,-7.06,7.240000000000001e-07
1459604859200,-7.06,0.0
1459604859210,-7.06,3.6200000000000004e-07
1459604859220,-7.06,0.0
1459604859230,-7.06,0.0
1459604859240,-7.06,0.0
1459604859250,-7.06,1.4480000000000002e-06
1459604859260,-7.06,0.0
1459604859270,-7.06,7.240000000000001e-07
1459604859280,-7.06,0.0
1459604859290,-7.06,1.0859999999999999e-06
1459604859300,-7.06,0.0
1459604859310,-7.06,3.6200000000000004e-07
1459604859320,-7.06,0.0
1459604859330,-7.06,3.6200000000000004e-07
1459604859340,-7.06,0.0
1459604859350,-7.06,7.240000000000001e-07
1459604859360,-7.06,0.0
1459604859370,-7.06,1.0859999999999999e-06
1459604859380,-7.06,0.0
1459604859390,-7.06,0.0
1459604859400,-7.06,0.0
1459604859410,-7.06,3.6200000000000004e-07
1459604859420,-7.06,0.0
1459604859430,-7.06,1.0859999999999999e-06
1459604859440,-7.06,0.0
1459604859450,-7.06,0.0
1459604859460,-7.06,0.0
1459604859470,-7.06,1.0859999999999999e-06
1459604859480,-7.06,0.0
1459604859490,-7.06,1.0859999999999999e-06
1459604859500,-7.06,0.0
1459604859510,-7.06,0.0
1459604859520,-7.06,0.0
1459604859530,-7.06,1.4480000000000002e-06
1459604859540,-7.06,0.0
1459604859550,-7.06,3.6200000000000004e-07
1459604859560,-7.06,0.0
1459604859570,-7.06,0.0
1459604859580,-7.06,0.0
1459604859590,-7.06,1.81e-06
1459604859600,-7.06,0.0
1459604859610,-7.06,3.6200000000000004e-07
1459604859620,-7.06,0.0
1459604859630,-7.06,0.0
1459604859640,-7.06,0.0
1459604859650,-7.06,7.240000000000001e-07
1459604859660,-7.06,0.0
1459604859670,-7.06,1.81e-06
1459604859680,-7.06,0.0
1459604859690,-7.06,0.0
1459604859700,-7.06,0.0
1459604859710,-7.06,3.6200000000000004e-07
1459604859720,-7.06,0.0
1459604859730,-7.06,0.0
1459604859740,-7.06,0.0
1459604859750,-7.06,1.0859999999999999e-06
1459604859760,-7.06,0.0
1459604859770,-7.06,3.6200000000000004e-07
1459604859780,-7.06,0.0
1459604859790,-7.06,3.6200000000000004e-07
1459604859800,-7.06,0.0
1459604859810,-7.06,3.6200000000000004e-07
1459604859820,-7.06,0.0
1459604859830,-7.06,7.240000000000001e-07
1459604859840,-7.06,0.0
1459604859850,-7.06,3.6200000000000004e-07
1459604859860,-7.06,0.0
1459604859870,-7.06,7.240000000000001e-07
1459604859880,-7.06,0.0
1459604859890,-7.06,1.0859999999999999e-06
1459604859900,-7.06,0.0
1459604859910,-7.06,0.0
1459604859920,-7.06,0.0
1459604859930,-7.06,3.6200000000000004e-07
1459604859940,-7.06,0.0
1459604859950,-7.06,7.240000000000001e-07
1459604859960,-7.06,0.0
1459604859970,-7.06,1.0859999999999999e-06
1459604859980,-7.06,0.0
1459604859990,-7.06,1.0859999999999999e-06
1459604860000,-7.06,0.0
1459604860010,-7.06,7.240000000000001e-07
1459604860020,-7.06,0.0
1459604860030,-7.06,3.6200000000000004e-07
1459604860040,-7.06,0.0
1459604860050,-7.06,7.240000000000001e-07
1459604860060,-7.06,0.0
1459604860070,-7.06,0.0
1459604860080,-7.06,0.0
1459604860090,-7.06,1.0859999999999999e-06
1459604860100,-7.06,0.0
1459604860110,-7.06,1.0859999999999999e-06
1459604860120,-7.06,0.0
1459604860130,-7.06,7.240000000000001e-07
1459604860140,-7.06,0.0
1459604860150,-7.06,0.0
1459604860160,-7.06,0.0
1459604860170,-7.06,3.6200000000000004e-07
1459604860180,-7.06,0.0
1459604860190,-7.06,1.4480000000000002e-06
1459604860200,-7.06,0.0
1459604860210,-7.06,1.0859999999999999e-06
1459604860220,-7.06,0.0
1459604860230,-7.06,0.0
1459604860240,-7.06,0.0
1459604860250,-7.06,7.240000000000001e-07
1459604860260,-7.06,0.0
1459604860270,-7.06,3.6200000000000004e-07
1459604860280,-7.06,0.0
1459604860290,-7.06,7.240000000000001e-07
1459604860300,-7.06,0.0
1459604860310,-7.06,1.0859999999999999e-06
1459604860320,-7.06,0.0
1459604860330,-7.06,7.240000000000001e-07
1459604860340,-7.06,0.0
1459604860350,-7.06,7.240000000000001e-07
1459604860360,-7.06,0.0
1459604860370,-7.06,3.6200000000000004e-07
1459604860380,-7.06,0.0
1459604860390,-7.06,0.0
1459604860400,-7.06,0.0
1459604860410,-7.06,1.4480000000000002e-06
1459604860420,-7.06,0.0
1459604860430,-7.06,7.240000000000001e-07
1459604860440,-7.06,0.0
1459604860450,-7.06,3.6200000000000004e-07
1459604860460,-7.06,0.0
1459604860470,-7.06,0.0
1459604860480,-7.06,0.0
1459604860490,-7.06,7.240000000000001e-07
1459604860500,-7.06,0.0
1459604860510,-7.06,1.4480000000000002e-06
1459604860520,-7.06,0.0
1459604860530,-7.06,7.240000000000001e-07
1459604860540,-7.06,0.0
1459604860550,-7.06,0.0
1459604860560,-7.06,0.0
1459604860570,-7.06,3.6200000000000004e-07
1459604860580,-7.06,0.0
1459604860590,-7.06,1.4480000000000002e-06
1459604860600,-7.06,0.0
1459604860610,-7.06,3.6200000000000004e-07
1459604860620,-7.06,0.0
1459604860630,-7.06,1.0859999999999999e-06
1459604860640,-7.06,0.0
1459604860650,-7.06,3.6200000000000004e-07
1459604860660,-7.06,0.0
1459604860670,-7.06,3.6200000000000004e-07
1459604860680,-7.06,0.0
1459604860690,-7.06,1.0859999999999999e-06
1459604860700,-7.06,0.0
1459604860710,-7.06,7.240000000000001e-07
1459604860720,-7.06,0.0
1459604860730,-7.06,3.6200000000000004e-07
1459604860740,-7.06,0.0
1459604860750,-7.06,3.6200000000000004e-07
1459604860760,-7.06,0.0
1459604860770,-7.06,7.240000000000001e-07
1459604860780,-7.06,0.0
1459604860790,-7.06,3.6200000000000004e-07
1459604860800,-7.06,0.0
1459604860810,-7.06,1.4480000000000002e-06
1459604860820,-7.06,0.0
1459604860830,-7.06,0.0
1459604860840,-7.06,0.0
1459604860850,-7.06,1.0859999999999999e-06
1459604860860,-7.06,0.0
1459604860870,-7.06,7.240000000000001e-07
1459604860880,-7.06,0.0
1459604860890,-7.06,0.0
1459604860900,-7.06,0.0
1459604860910,-7.06,1.4480000000000002e-06
1459604860920,-7.06,0.0
1459604860930,-7.06,3.6200000000000004e-07
1459604860940,-7.06,0.0
1459604860950,-7.06,3.6200000000000004e-07
1459604860960,-7.06,0.0
1459604860970,-7.06,0.0
1459604860980,-7.06,0.0
1459604860990,-7.06,3.6200000000000004e-07
1459604861000,-7.06,0.0
1459604861010,-7.06,1.0859999999999999e-06
1459604861020,-7.06,0.0
1459604861030,-7.06,3.6200000000000004e-07
1459604861040,-7.06,0.0
1459604861050,-7.06,0.0
1459604861060,-7.06,0.0
1459604861070,-7.06,3.6200000000000004e-07
1459604861080,-7.06,0.0
1459604861090,-7.06,1.0859999999999999e-06
1459604861100,-7.06,0.0
1459604861110,-7.06,7.240000000000001e-07
1459604861120,-7.06,0.0
1459604861130,-7.06,3.6200000000000004e-07
1459604861140,-7.06,0.0
1459604861150,-7.06,1.0859999999999999e-06
1459604861160,-7.06,0.0
1459604861170,-7.06,1.0859999999999999e-06
1459604861180,-7.06,0.0
1459604861190,-7.06,0.0
1459604861200,-7.06,0.0
1459604861210,-7.06,7.240000000000001e-07
1459604861220,-7.06,0.0
1459604861230,-7.06,0.0
1459604861240,-7.06,0.0
1459604861250,-7.06,1.0859999999999999e-06
1459604861260,-7.06,0.0
1459604861270,-7.06,7.240000000000001e-07
1459604861280,-7.06,0.0
1459604861290,-7.06,3.6200000000000004e-07
1459604861300,-7.06,0.0
1459604861310,-7.06,1.0859999999999999e-06
1459604861320,-7.06,0.0
1459604861330,-7.06,0.0
1459604861340,-7.06,0.0
1459604861350,-7.06,1.0859999999999999e-06
1459604861360,-7.06,0.0
1459604861370,-7.06,3.6200000000000004e-07
1459604861380,-7.06,0.0
1459604861390,-7.06,7.240000000000001e-07
1459604861400,-7.06,0.0
1459604861410,-7.06,0.0
1459604861420,-7.06,0.0
1459604861430,-7.06,7.240000000000001e-07
1459604861440,-7.06,0.0
1459604861450,-7.06,3.6200000000000004e-07
1459604861460,-7.06,0.0
1459604861470,-7.06,0.0
1459604861480,-7.06,0.0
1459604861490,-7.06,7.240000000000001e-07
1459604861500,-7.06,0.0
1459604861510,-7.06,7.240000000000001e-07
1459604861520,-7.06,0.0
1459604861530,-7.06,3.6200000000000004e-07
1459604861540,-7.06,0.0
1459604861550,-7.06,7.240000000000001e-07
1459604861560,-7.06,0.0
1459604861570,-7.06,3.6200000000000004e-07
1459604861580,-7.06,0.0
1459604861590,-7.06,3.6200000000000004e-07
1459604861600,-7.06,0.0
1459604861610,-7.06,1.4480000000000002e-06
1459604861620,-7.06,0.0
1459604861630,-7.06,3.6200000000000004e-07
1459604861640,-7.06,0.0
1459604861650,-7.06,7.240000000000001e-07
1459604861660,-7.06,0.0
1459604861670,-7.06,7.240000000000001e-07
1459604861680,-7.06,0.0
1459604861690,-7.06,3.6200000000000004e-07
1459604861700,-7.06,0.0
1459604861710,-7.06,7.240000000000001e-07
1459604861720,-7.06,0.0
1459604861730,-7.06,3.6200000000000004e-07
1459604861740,-7.06,0.0
1459604861750,-7.06,1.0859999999999999e-06
1459604861760,-7.06,0.0
1459604861770,-7.06,0.0
1459604861780,-7.06,0.0
1459604861790,-7.06,0.0
1459604861800,-7.06,0.0
1459604861810,-7.06,1.4480000000000002e-06
1459604861820,-7.06,0.0
1459604861830,-7.06,0.0
1459604861840,-7.06,0.0
1459604861850,-7.06,7.240000000000001e-07
1459604861860,-7.06,0.0
1459604861870,-7.06,1.0859999999999999e-06
1459604861880,-7.06,0.0
1459604861890,-7.06,0.0
1459604861900,-7.06,0.0
1459604861910,-7.06,0.0
1459604861920,-7.06,0.0
1459604861930,-7.06,1.0859999999999999e-06
1459604861940,-7.06,0.0
1459604861950,-7.06,0.0
1459604861960,-7.06,0.0
1459604861970,-7.06,1.0859999999999999e-06
1459604861980,-7.06,0.0
1459604861990,-7.06,0.0
1459604862000,-7.06,0.0
1459604862010,-7.06,7.240000000000001e-07
1459604862020,-7.06,0.0
1459604862030,-7.06,3.6200000000000004e-07
1459604862040,-7.06,0.0
1459604862050,-7.06,7.240000000000001e-07
1459604862060,-7.06,0.0
1459604862070,-7.06,3.6200000000000004e-07
1459604862080,-7.06,0.0
1459604862090,-7.06,7.240000000000001e-07
1459604862100,-7.06,0.0
1459604862110,-7.06,3.6200000000000004e-07
1459604862120,-7.06,0.0
1459604862130,-7.06,3.6200000000000004e-07
1459604862140,-7.06,0.0
1459604862150,-7.06,7.240000000000001e-07
1459604862160,-7.06,0.0
1459604862170,-7.06,0.0
1459604862180,-7.06,0.0
1459604862190,-7.06,1.0859999999999999e-06
1459604862200,-7.06,0.0
1459604862210,-7.06,7.240000000000001e-07
1459604862220,-7.06,0.0
1459604862230,-7.06,3.6200000000000004e-07
1459604862240,-7.06,0.0
1459604862250,-7.06,7.240000000000001e-07
1459604862260,-7.06,0.0
1459604862270,-7.06,3.6200000000000004e-07
1459604862280,-7.06,0.0
1459604862290,-7.06,1.4480000000000002e-06
1459604862300,-7.06,0.0
1459604862310,-7.06,0.0
1459604862320,-7.06,0.0
1459604862330,-7.06,7.240000000000001e-07
1459604862340,-7.06,0.0
1459604862350,-7.06,7.240000000000001e-07
1459604862360,-7.06,0.0
1459604862370,-7.06,7.240000000000001e-07
1459604862380,-7.06,0.0
1459604862390,-7.06,3.6200000000000004e-07
1459604862400,-7.06,0.0
1459604862410,-7.06,3.6200000000000004e-07
1459604862420,-7.06,0.0
1459604862430,-7.06,1.0859999999999999e-06
1459604862440,-7.06,0.0
1459604862450,-7.06,0.0
1459604862460,-7.06,0.0
1459604862470,-7.06,1.4480000000000002e-06
1459604862480,-7.06,0.0
1459604862490,-7.06,0.0
1459604862500,-7.06,0.0
1459604862510,-7.06,7.240000000000001e-07
1459604862520,-7.06,0.0
1459604862530,-7.06,7.240000000000001e-07
1459604862540,-7.06,0.0
1459604862550,-7.06,7.240000000000001e-07
1459604862560,-7.06,0.0
